89
470
790
230
2988
157
234
599
951
436
679
959
55
481
288
3129
289
7
5984
207
526
208
14663
209
1904
14664
67
2091
292
3186
295
1081
3739
256
333
378
1673
539
7237
540
300
466
1246
302
227
701
229
306
704
903
471
155
793
475
318
14661
11590
14662
681
12967
687
325
403
525
966
2176
291
7183
294
690
691
298
3859
377
498
412
458
7431
3033
461
386
344
1047
2939
4559
8454
14254
14650
14651
196
197
3119
2300
14652
14653
6946
13888
7456
2320
1075
1150
163
2317
166
1463
604
13454
64
1109
12330
6730
8230
697
214
852
3258
7219
618
13988
3310
9054
981
14649
223
13279
6930
429
14647
706
14648
707
2616
14645
14646
1021
4292
2544
239
316
2080
5594
6121
3373
161
1866
320
486
329
7449
293
299
257
455
456
536
4468
8365
8364
3672
184
342
542
301
1444
1685
1684
1243
14643
14644
908
198
310
313
314
1453
317
1934
1032
321
686
324
523
528
693
531
499
1451
2977
464
2619
309
909
3681
190
8171
1383
1376
912
51
3832
6308
99
7651
4025
1990
2079
1505
65
6297
8996
173
253
453
14638
14639
14632
14633
72
418
14631
14636
14637
14634
14635
14640
182
187
3109
1882
6733
14641
14642
904
905
6739
13435
4574
1459
311
1057
6201
5310
680
3491
488
407
6693
5684
290
491
296
330
3575
5806
1687
349
547
193
153
1413
2469
993
159
511
1014
996
1013
997
1892
877
998
93
715
1816
95
59
1073
1072
441
1464
722
1707
11794
68
612
75
76
180
220
1005
863
3302
1001
85
2936
3988
3123
352
1456
4565
4765
4769
56
285
2515
328
4814
331
332
1037
535
10991
3397
2020
543
308
5065
4773
1183
797
2981
4489
5978
3319
5079
14629
683
2435
14628
688
689
5749
1043
1038
1034
14630
5958
1091
1045
305
10683
5067
9384
3317
3716
1455
12477
14735
3712
14736
14733
14734
3293
524
527
5305
5308
5947
8155
9684
2132
1162
1481
374
1678
4706
3338
2841
779
6448
10964
1402
3708
423
1486
14368
1609
11213
12394
152
154
1854
2745
156
1375
14731
14732
5459
9978
14730
518
1339
10181
1151
4136
768
726
2835
4155
172
1118
2524
930
1793
8503
6847
4045
5972
3197
14728
14729
14726
3425
14727
2775
2014
348
868
40
14725
191
355
517
283
3173
646
802
6713
1044
2094
176
375
614
538
541
1369
468
3741
14724
709
6032
14096
231
1976
199
232
1732
433
2268
237
435
11589
3691
3693
13053
440
1426
203
205
3686
1944
6410
13066
13463
7742
211
1155
615
6187
1098
1964
2139
2535
3469
620
622
81
6417
14723
88
1186
1412
2346
9856
2834
1042
730
533
1249
982
1400
500
544
424
425
14722
90
91
92
94
52
96
53
97
54
98
57
58
60
61
62
63
66
69
70
71
73
74
77
78
79
100
80
82
83
84
86
87
150
110
111
112
113
114
115
116
117
118
119
120
121
122
123
124
125
126
127
128
129
130
131
132
133
134
135
136
137
138
139
140
141
142
143
144
101
145
102
146
103
147
104
148
105
149
106
107
108
109
4177
393
399
11824
510
830
479
1133
7711
14699
1859
2428
8728
3097
14706
14707
14704
3568
14705
367
3928
14708
14702
11796
14703
14700
14701
8991
1681
493
2206
497
3576
459
12651
12698
2923
462
1247
12028
192
151
158
160
162
164
165
167
168
169
170
171
174
175
177
178
179
181
183
185
186
188
189
1580
2546
4566
326
3460
2183
1601
465
786
906
194
195
233
235
236
238
200
201
202
204
206
210
212
213
215
216
217
218
219
221
222
224
225
226
228
472
1852
1378
6865
14698
9234
8589
2000
3375
1470
3171
3488
408
10069
4616
808
297
2843
1874
2607
4487
3076
304
6614
270
271
272
273
274
275
276
277
278
279
280
281
282
240
284
241
242
286
243
287
244
245
246
247
248
249
250
251
252
254
255
258
259
260
261
262
263
264
265
266
267
268
269
14690
14691
14694
14695
14692
8258
14693
3046
2668
2028
631
2148
755
14696
14697
4889
13292
13011
2440
761
1104
1786
1784
1706
27
5444
1116
10519
4306
2605
3870
380
1921
14687
14688
14685
14686
14689
312
315
319
322
323
327
303
307
9860
1062
1897
4723
7694
8587
1941
2037
14665
4731
7887
11352
14666
4732
14669
728
4735
14667
10621
14668
14672
8678
14673
14670
14671
3213
14676
14677
14674
14675
5879
14678
14679
14680
14683
14684
14681
14682
1167
2531
3861
350
351
353
354
356
357
358
359
360
361
362
363
364
365
366
334
335
336
337
338
339
340
341
343
345
346
347
390
391
392
394
395
396
397
398
400
368
401
369
402
8
404
405
406
409
370
371
372
373
376
410
411
379
413
414
415
381
382
383
384
385
387
388
389
2352
3043
11864
4184
8303
1547
14827
14828
3729
840
1145
14829
805
4218
5628
8937
9961
4597
7260
14838
14839
14836
14837
1873
14830
4346
14831
14834
4504
14835
5638
8947
14832
14833
3034
3032
10569
2378
14841
5602
10320
14840
1527
4850
1180
1853
1974
955
714
2081
1670
3929
1188
6253
1041
1513
1114
1672
537
939
2653
1807
1179
1650
3797
7650
9233
3400
12168
969
1988
4196
5440
9888
6128
1515
13744
1090
7354
3475
2580
2614
14805
1689
14806
14803
14804
1048
1520
14807
4115
14801
14802
1406
907
1381
1777
2425
437
2287
2121
1390
1863
2433
2277
3769
1239
7818
1632
972
14797
14798
14799
4241
7276
13714
2610
1485
7868
14800
45
754
831
2387
757
11865
1192
8261
4936
489
1540
14789
14790
7386
14793
14794
14791
9963
14792
4948
1552
14795
814
6008
14796
4503
816
10036
4002
8401
2143
2187
2735
3028
823
826
1458
1772
2025
1659
682
14787
14788
6690
532
548
1449
14771
14772
14770
2149
14775
14776
14773
14774
14779
14777
2824
14778
14782
5871
14783
14780
14781
14742
14786
14784
14785
4734
14744
9766
12374
14750
14759
14753
14754
14751
11200
14752
14757
11202
14758
11205
14755
14756
7312
14760
14761
14764
14765
14762
14763
14768
14769
14766
14767
1379
685
10429
2051
1679
5678
504
1613
3316
2068
5216
913
1935
4344
5150
484
1943
14748
14749
5988
14747
5487
1440
5038
1834
7433
1052
14366
3823
2030
14739
14737
14738
3131
1745
2711
2676
445
447
602
13378
14743
14740
14741
606
14746
14745
13381
8510
2174
2691
10518
3696
13700
7079
3670
1965
5927
1126
744
748
1185
4385
1194
1590
1191
487
3247
2432
11795
2959
1680
492
1035
5437
6605
2617
3364
11625
14937
14938
14935
14936
1213
10859
632
2542
12717
14939
2828
10892
14933
1418
1737
14934
14931
10214
14932
6048
7379
11592
3294
8461
3805
10385
14940
3884
14941
769
14942
1504
14943
8234
6179
8633
3462
3411
13664
5911
6421
11052
13672
8680
5205
2817
11896
1019
1810
2347
2787
2941
1895
2027
999
2562
1076
3768
7927
5165
6698
2526
1079
5254
1885
2973
5841
6732
1889
8372
13929
14930
716
7838
7530
8067
641
7846
8592
3063
1432
975
10717
5236
2064
7073
14926
14927
14924
14925
545
14928
1122
14929
5249
14922
14923
14921
9223
3798
4965
10895
12
1275
883
14908
14909
2750
14907
5306
4271
4276
1561
3221
5040
3417
14915
14916
14913
2446
14914
14919
2763
1112
14917
1551
14918
11760
14911
4669
14912
14910
34
6983
1565
11936
985
1123
947
14920
5727
9927
1056
14898
14899
5475
2085
14904
14905
3404
14902
14903
14906
968
14900
14901
5044
2521
10992
8761
8047
5057
8887
10684
10047
5847
1009
2702
432
14897
1978
1396
1986
2830
1101
1980
2398
448
5149
2693
1752
1398
416
4029
6027
1055
1099
1097
7071
2818
1409
2190
5100
14892
14893
14890
14891
4170
4171
1338
14896
834
835
14894
14895
917
9511
1347
3806
7767
923
806
8471
2009
3416
12658
850
2961
810
811
813
815
12776
12780
2384
2379
3543
503
11852
14889
3628
4096
4970
6906
11789
3718
3357
11784
11783
11786
11785
11788
11787
6163
6764
8466
11791
3695
11790
1700
10549
11792
8459
1947
1747
8474
6773
7665
8472
6887
1717
619
6582
5299
2582
7152
5807
3703
11780
2468
2467
2466
1694
11782
11781
718
4542
3602
3601
3609
4535
8557
3584
3581
2449
11768
11769
2445
2442
4543
11640
4520
3593
3590
11779
3306
11778
1489
2455
3588
1244
2454
11771
11770
11773
11772
11775
11774
11777
11776
9700
1775
439
1394
1424
2632
5787
5745
10423
6137
1756
1833
1755
11767
1553
735
11764
11763
11766
1757
11765
2460
1764
1975
6226
11757
11756
1622
11759
11758
1620
1948
11753
1627
1946
2716
11752
11755
11754
5041
5883
5048
1954
1950
10914
10398
11762
9912
11761
617
6581
2931
3707
1605
670
1377
3873
7290
12923
3763
5746
1475
6567
2018
14887
14888
4795
7324
11746
11745
11748
11747
554
2422
11749
2289
2541
4620
5412
3730
11740
859
11742
11741
11744
11743
4384
9877
6687
6382
11735
11734
11737
11736
11739
11738
601
3267
11751
11750
11733
11732
1216
2744
950
956
6506
918
2001
1274
841
1344
843
920
846
13211
13143
14871
1998
5838
854
14874
14875
14872
14873
14878
14879
14876
1119
14877
14881
14882
14880
1132
1172
1128
1523
14885
944
14886
14883
14884
7902
7707
4130
3313
9631
6714
1427
5000
11724
11726
11725
576
11728
2444
11727
11729
734
11731
11730
3314
911
1937
6429
11719
1023
800
8076
11723
1596
3498
11720
11722
11721
3985
6196
1534
2666
875
5030
1107
2552
3646
2133
3461
1083
2128
851
856
14847
1089
2150
7318
11717
3489
11718
2439
3781
3073
9250
1447
10967
700
5416
5790
1154
3057
1663
12364
9487
5441
1161
1556
4709
2137
1929
14842
14845
14846
14843
14844
1298
3753
11793
7187
2131
2840
4742
3078
3427
501
1046
3945
7044
1415
2823
3915
11821
11820
1351
10582
3266
6291
2050
4165
5926
3906
1803
1648
7126
2786
910
4922
562
443
1103
1242
1795
858
1372
2136
7227
5605
3308
1182
2987
1189
5253
2276
2430
3200
11819
1181
4262
8467
1231
1228
5027
11550
8710
2573
1241
3341
3382
494
2523
4941
6602
4201
1093
3391
3468
4434
989
10091
3717
1214
953
4004
8661
15
1861
5667
4612
3722
2374
2172
2370
2765
2963
812
9410
9412
1131
11814
11816
11815
11818
821
2970
11817
943
4678
476
637
915
1591
1025
644
1051
11813
4092
2628
2281
6836
6771
9485
1159
2407
3616
7274
6146
6302
2661
3398
11812
11811
621
426
4118
11223
11267
10381
11797
11799
9707
11798
6298
5480
11801
11800
11803
11802
11805
11804
11807
11806
3617
4361
4121
3750
11809
11808
2458
3706
1725
11810
15021
15020
15025
15024
15023
15022
15029
15028
15027
15026
15032
15031
15030
5391
14988
14989
14986
14987
14992
15003
14991
15002
14990
15001
5367
15000
14996
15007
14995
15006
14994
15005
14993
15004
14999
14998
15009
14997
15008
15010
15014
15013
15012
15011
15018
15017
15016
15015
15019
8375
1452
4811
3280
9980
3281
871
14979
4609
878
1739
14980
4144
14981
3893
7533
14984
14985
14982
14983
3920
8831
11602
7157
6181
1884
867
900
12820
8452
14970
5301
992
1411
14973
14974
14971
14972
14977
14978
14975
14976
7057
4784
7929
11636
14948
14949
14946
14947
4790
14959
14957
14958
14951
14952
8229
14950
14955
14956
14953
14954
7791
7111
14968
14969
1125
4675
14962
14963
14960
14961
14966
14967
14964
14965
1382
1210
5111
1983
6453
2600
3058
5439
8656
1384
3676
3250
14944
14945
6852
6728
1713
1094
703
13834
2024
3795
4767
485
7340
11889
11890
11452
1805
5660
9348
7248
2864
2861
2902
2901
8805
7056
9352
565
2873
567
4379
8110
8111
3024
572
11888
2842
11881
11883
8108
11882
1639
11885
3778
11884
11887
11886
8122
580
581
583
585
2894
8118
5101
11861
10573
11860
3799
11863
11862
839
2160
2955
842
5104
845
5666
5107
809
1360
11856
11855
11858
11857
785
11859
1364
5600
8910
10046
11850
1528
11851
9805
11854
11853
2029
1027
9321
2490
11849
11848
857
2609
3992
1891
3789
5980
9940
8292
10931
11822
2665
5215
4980
1908
3124
1705
490
1910
11845
11844
11847
11846
11843
9576
1691
4437
4696
3318
2102
6562
2083
3490
3324
11841
11842
1253
789
3244
2033
10771
11838
11837
11839
23
4272
25
6490
1281
1797
978
11840
2967
2381
3195
1206
949
4251
630
2742
1814
3679
6363
11834
11833
11836
11835
1981
727
607
2055
733
6724
2265
2342
3470
983
7426
9529
5845
3240
11823
11825
11827
11826
11829
11828
7639
519
1860
3367
10583
11830
11832
11831
4430
4502
1714
4161
8453
8451
8455
8456
8450
8448
8449
3877
2307
5074
8424
8425
6961
1743
2312
723
8431
8432
8430
8435
8436
8433
8434
8428
8429
8426
8427
8442
8443
8440
8441
8446
8447
4365
8444
8445
8439
8437
8438
2543
886
2801
970
4704
6262
3194
708
8457
8458
2196
3041
3040
8464
8465
8462
8463
8468
4100
8469
8460
3685
5423
8475
8476
8473
8477
8478
8470
770
3335
2847
1960
2574
4356
6197
8490
8493
8494
8491
8492
2821
5657
5154
560
8479
1510
3259
8486
8487
8484
8485
4243
8488
8489
8482
8483
8480
8481
420
862
8497
8498
8495
8496
592
4920
7148
891
534
4883
2220
1729
5767
5768
8499
6348
8501
8502
8500
3253
2361
6917
961
8505
8506
1519
8504
8507
8508
986
428
1781
2594
2151
4143
964
1824
8512
8513
8511
2006
1992
5237
8509
4285
2654
2576
8514
3788
629
8332
8530
8531
8336
8534
8535
8532
8533
1264
4290
8329
8527
8528
8525
8328
8526
2749
8529
7055
8541
8344
8542
8540
2753
3809
8538
8539
8536
8537
8322
8520
8523
8524
8323
8521
8324
8522
1124
2774
8516
8517
8515
8518
8519
8574
8575
8572
8573
8576
2351
3482
8570
8571
8569
717
8545
8546
8543
5433
8544
2796
8552
8553
8550
8551
8314
8556
8554
8555
3458
4785
8549
5436
8547
8548
7937
8563
8564
8561
8562
8567
8568
8565
8566
2463
3230
8560
8558
8559
1802
8578
8577
3371
6374
5001
2533
2471
2470
2624
10812
7375
3299
11955
11954
11957
11956
11959
11958
2475
3443
11953
6098
7264
7265
11966
11965
11968
11967
11969
8866
11960
11962
11961
11964
1878
11963
3430
3351
1202
11970
4316
11943
11940
11942
11941
9079
1985
699
9263
957
3833
1350
3054
1348
2836
928
2956
1796
10430
1913
11170
460
5609
11937
11939
942
11938
946
4679
2790
3090
4189
2364
2363
1195
2797
720
4457
4459
1868
2373
2372
2723
4104
4823
4164
2781
11935
2850
2595
3084
1197
5948
6633
1507
6384
4562
2976
11934
7885
994
995
3451
7343
11928
9255
6742
11929
9253
11933
11932
1006
1886
1004
1883
2937
11931
11930
8808
2343
4125
8821
11917
11916
6959
6958
11919
11918
2175
11922
11921
11924
11923
11926
11925
11927
11920
6541
8126
8120
2896
2893
5446
2419
430
1414
6743
1416
4541
11230
6202
11908
11909
11911
11910
11913
11912
11915
11914
11232
9823
9629
609
2606
10080
6222
8840
3030
10407
6215
8579
3288
2587
2708
1738
4725
8585
8586
8583
8584
8581
8582
8580
889
5547
450
2602
32
4308
8048
4245
4038
4435
3282
11900
11902
11901
11904
11903
11906
11905
515
5932
7878
5658
3290
4064
3890
4222
11907
3201
4138
8672
6205
11006
11899
6414
11892
11894
11893
11895
11898
11897
8588
1106
446
3068
2130
4089
3502
546
2107
6635
2913
2092
2247
1918
6619
1641
11891
6618
8594
8595
7147
8313
8593
8590
8591
1875
1718
3619
7411
7039
4538
4179
3246
8596
4103
6249
2380
3428
507
8254
2746
3238
3719
710
954
837
3637
7930
2794
5485
8598
8599
1357
1356
1870
8600
8601
1525
1522
1526
8604
8605
8602
8603
8606
8077
6378
8074
4713
8611
8612
4893
8610
2585
6228
4888
8608
8609
5936
8607
8622
8623
8620
8621
762
763
1543
8615
8616
8613
8614
8619
8617
8618
8630
8634
8631
8632
8626
8627
8624
8625
8628
5716
8629
8640
8641
8637
8638
8635
8636
8639
2591
1971
3692
5429
1163
1512
7738
1517
8644
8642
8643
427
2815
8732
12031
12030
12033
12032
1855
2986
2983
8725
12035
12034
8724
12036
1857
6123
3376
2082
3927
7249
5427
4750
4747
7754
1809
2655
12027
12029
6594
4495
10613
1731
11464
6164
8027
444
12005
4230
8752
454
3414
10517
12019
12020
12022
12021
10918
2264
10719
2184
4716
12024
7502
12023
12026
6217
12025
1727
8019
10421
12017
12018
7642
6037
3279
6824
12009
12008
12007
12011
12010
12013
12012
12015
12014
12016
2611
3467
5925
2789
10537
512
5630
1110
1343
924
7328
12006
4828
931
10802
422
941
5644
4831
3745
6155
6151
3694
12000
11999
12002
12001
12004
6910
12003
5549
4079
9446
2402
1957
1888
2416
3504
1969
3700
11998
10524
860
4135
8648
8649
8646
8647
2478
4137
3184
1511
8645
8651
8652
8650
8653
8654
4923
2035
2097
4918
11988
11987
11989
11980
11982
6305
11981
11984
11983
10611
11986
3714
11985
2166
10309
11991
11990
6834
11993
11992
11994
3737
2643
11000
11977
2415
11979
11978
9649
11413
8655
7081
434
1858
603
8657
8658
2493
2491
616
3272
3505
1881
2548
2984
2084
4561
1054
11976
3481
8660
8659
3774
5297
4366
5172
3940
506
5781
7323
3438
712
8662
8663
8666
8667
8422
8664
8665
3886
8671
8670
8668
8669
1295
5229
4736
8673
8674
6210
8677
8675
8676
1164
898
7074
2534
8679
2538
8695
8696
8693
8694
8699
8697
8698
8691
8692
8690
5456
6522
7097
1349
1740
1342
6516
7409
6575
1710
4787
937
1836
8689
1061
6074
8700
8703
8704
8701
8702
8705
8706
3026
1771
1977
4793
8711
8709
932
8707
8708
6147
2899
8714
8712
8713
705
2309
12084
12086
12085
12088
12087
1388
12089
12090
2646
1491
2498
5812
12082
12081
12083
8423
8340
1425
1468
3445
724
3888
8794
1160
2569
1358
732
12071
12070
12073
12072
12075
12074
12077
12076
591
12079
12078
8788
3298
12080
7389
3333
7356
39
3902
980
10969
12069
3744
3440
3164
1778
11506
10814
3133
3523
6556
7407
10663
2637
10394
12058
1958
12062
12064
12063
12066
12065
3705
10848
2532
12068
12067
8371
7532
3892
10026
12049
12051
12050
12053
12052
8114
12055
12054
12057
12056
12059
8123
12060
12061
1130
582
7623
6159
6828
1614
7054
6046
6321
12044
881
12046
12045
12048
605
12047
2572
1237
3732
4108
6182
1404
1963
3346
6336
7900
1606
5966
11378
2344
922
5934
3501
7086
12039
12040
3125
3377
3393
6612
669
8733
8730
8731
7756
8726
8729
8727
6120
1541
1662
8734
8735
3383
5119
818
5454
3081
2392
792
12037
914
12038
1438
2019
1441
5267
1462
2982
8740
8743
8744
8741
8742
8736
8737
8738
8739
2525
8745
8746
1461
1429
1428
4474
3187
1430
6528
8750
8751
5241
8754
8755
8753
8747
8748
4545
8749
5175
5212
1092
2855
2852
8756
8757
4573
1058
8767
4568
8768
8762
8760
8765
8766
8763
8764
2067
3500
8758
8759
8772
8773
8770
8771
8776
8774
8775
2785
8769
1813
7214
1643
2853
5063
8777
2500
1410
1012
8783
8784
8781
8782
8787
8785
8786
3573
8780
5072
1029
8778
8779
529
1306
8792
4036
8390
8790
8791
8789
3673
1401
3982
3868
3710
5191
3004
12132
12131
8071
610
613
12134
4984
11682
12133
12136
12135
4987
12138
10399
12137
12139
12141
12140
12143
6389
12142
12144
11652
11655
4728
3206
12130
3738
3300
6790
3441
6709
4369
12129
12128
9160
1832
5836
3074
1767
2938
12119
10891
12112
12111
12114
12113
12116
12115
12118
12117
9433
12121
12120
12123
12122
12125
12124
12127
11477
12126
8311
2292
578
3776
8119
8837
12110
3332
3176
3205
890
3931
5774
12109
12108
7835
5979
6132
1040
2608
3735
10798
12105
12104
12107
3747
12106
3478
725
4458
8795
8793
2047
1804
3684
1380
3919
8800
8801
2358
8798
8799
8796
8797
4762
5729
6859
8810
8809
8802
8803
8806
8807
8804
8820
1469
8819
564
8813
8814
8811
8812
8817
8818
8815
8816
574
3019
575
8824
8825
8822
8823
3071
8282
584
6203
8832
8830
1514
1633
971
2127
4622
5833
8828
8829
8826
8827
8715
6792
8380
7727
12099
12098
1436
2462
3198
12101
12100
12103
12102
11139
5185
8410
1135
5235
6756
2123
4423
3897
3898
8841
3905
8835
8836
8833
8834
8839
8838
3442
3444
4194
12095
12094
12097
12096
3456
8945
4820
4821
4822
3734
10753
1645
4833
2738
10127
10126
8850
8853
8854
8851
8852
8846
8847
8844
8845
8848
8849
8860
8861
8862
2044
8857
8858
8855
5624
8856
8859
2054
8152
2046
8842
8843
1800
2059
3466
7626
4711
1654
4800
7330
11276
12093
12092
4791
30
4825
5639
4087
4834
10124
8863
692
4058
5414
8864
8865
962
8871
8870
8868
8869
8867
4178
4971
4608
5673
3051
1905
2966
8882
8881
6472
635
4260
4471
3378
4840
438
3384
3392
1201
1200
6536
2618
12226
5785
1811
4129
4649
7179
10105
5088
7663
12219
12218
7076
12220
12222
12221
12224
12223
12225
7286
5662
9417
2629
4780
12208
1105
12209
6710
9428
6299
9084
694
12211
6600
12210
12213
12212
12215
12214
10677
12217
12216
3110
3748
3749
2456
4557
12198
9666
12197
12199
8264
11591
6761
2285
12207
1423
4532
12200
11396
12202
12201
6759
12204
12203
12206
12205
7382
6345
2575
12196
12195
8136
4247
3252
3767
7743
12192
12191
12194
12193
2427
5592
7175
4618
965
6454
1872
899
1922
3484
12190
8408
7170
2086
10229
9108
5089
1919
9567
1121
10231
12183
12182
12185
12184
12187
12186
12189
12188
3770
3771
7091
12169
1669
12170
12172
12171
12174
12173
12176
12175
1000
12178
12177
12179
1516
12181
12180
7199
7822
1184
521
5482
8883
8886
8884
8885
5490
8893
8894
8891
8892
4572
8897
8898
8895
7445
8896
8890
3674
4126
8888
8889
1942
8899
8901
8902
8900
8903
4043
6394
8347
2484
1701
8909
8907
8908
8905
8906
8904
8920
8918
1203
8919
8912
8913
8911
8916
8917
8914
8915
46
1143
8965
5151
3405
8953
8960
8963
8964
8961
8962
4917
8956
8957
8954
8955
8958
8959
8970
8971
8974
8975
8972
8973
8967
8968
8966
8969
8981
8982
8980
8985
8986
8983
8984
8978
8979
8976
8977
6376
3459
8987
3079
6235
3086
6685
12165
4069
12164
3328
1389
12167
12166
9747
9960
6214
3455
2062
10401
1064
1015
952
2784
5156
4180
2558
2556
2356
2554
5744
3921
8992
8993
8990
8997
8994
8995
8989
8988
3856
987
6776
8998
1846
12150
12152
9822
12151
12154
12153
12156
12155
12158
12157
9819
12159
4460
12161
12160
12163
12162
5157
6493
1914
5010
5011
3474
940
1808
12149
8298
2154
2106
2820
758
7637
759
2747
1789
1865
4896
6252
9003
9004
9001
9002
9005
9000
1876
2806
2383
8999
4727
4720
4022
8141
4733
6055
9007
9008
9006
4027
4028
9012
9010
9011
2134
9009
6397
794
3570
9013
5574
467
787
2376
12273
12275
12274
3557
12277
12276
12279
12278
4921
3757
6134
5202
974
7898
12271
12270
12272
12231
12230
12233
12232
12235
12234
12237
12236
12239
12238
5353
11074
12240
12242
12241
12244
12243
12246
12245
12248
12247
12249
12251
12250
12253
12252
2244
12255
9837
12254
12257
12256
12259
12258
9838
12260
12262
12261
12264
12263
12229
12266
12265
12268
12267
12269
9745
2031
3158
10017
12316
8069
4982
1790
9926
9144
4134
1066
2146
756
12312
12314
12313
12315
5197
6762
1782
4113
3464
3100
7352
4117
10521
1208
12310
12311
5032
7137
3495
7810
12309
1385
2077
4444
6789
6678
7404
12289
12291
12290
12293
12292
12295
12294
12296
451
10910
10515
10197
5890
5099
1340
1177
8420
12284
12283
12286
12285
2359
12288
12287
10585
7922
7100
3660
6258
2012
1113
2013
824
2111
2101
12280
12282
12281
10226
9569
2808
5093
9025
9026
9023
9024
9029
9027
9028
9021
9022
9020
9036
9037
9034
9035
7136
6002
9038
9039
3572
9032
9033
9030
9031
3966
6697
9040
4309
7734
9014
9015
4880
9018
9019
9016
9017
666
8718
9069
9067
9068
7201
9061
9062
9060
9065
9066
9063
9064
9078
9072
9073
9070
9071
9076
9077
9074
9075
2316
2314
9047
9048
9045
9046
9049
9043
9044
9041
9042
9058
9059
9056
9057
9050
9051
9055
9052
9053
4488
3756
4223
3255
8356
9083
9081
9082
8274
9085
9086
6608
9080
6006
4756
9102
9103
9100
9101
9106
9107
9104
9105
5335
9113
9114
9111
9112
9115
9116
9110
2116
2512
9109
5087
9089
9087
9088
1157
936
9094
9095
9092
9093
9098
9099
9096
9097
9090
9091
945
4091
2269
9117
9118
1100
3688
4779
9124
9125
9122
9123
9128
9129
9126
9127
9120
9121
9119
9131
9130
3227
3785
6416
3413
1397
9135
9136
9133
9134
9132
9146
9147
9145
9148
9149
8050
9142
9143
9140
9141
3432
9150
9151
9152
1222
5919
3454
5913
9139
9137
9138
5581
49
11
13
2041
1225
10628
1069
9
2638
4871
1312
31
1296
1294
1205
4959
12228
3901
12227
2032
4463
9153
6282
1545
3204
3080
9157
9158
9155
9156
9159
9154
3237
1982
5428
5045
9161
9162
9163
3731
9180
7083
9168
9169
9166
9167
3387
9164
7061
9165
4466
9179
9177
9178
9171
9172
9170
9175
9176
9173
9174
469
5140
4014
9182
9183
9181
7160
2621
2829
4774
7540
4550
5961
2845
977
5239
6461
8684
8242
4166
2214
9188
9189
9186
9187
9184
9185
9193
9194
9191
9192
9197
9195
9196
9190
963
5425
4439
5537
9199
9198
2117
2799
9201
9200
674
9202
9203
530
1261
1533
3476
9205
9206
9204
2369
4359
9224
9221
9222
9227
9225
9226
9220
7918
7917
1531
1134
9218
9219
4266
4277
1353
9212
9213
9210
9211
9216
9217
9214
9215
1521
9209
6658
9207
9208
3509
9228
4849
9230
9229
5772
1760
4770
8017
791
474
638
9232
9231
1503
4576
5953
4563
3948
9235
7448
4156
7390
9238
9239
9236
9237
3208
4
9245
9246
9243
9244
9247
9248
9241
9242
9240
5969
8093
2545
5950
1198
9249
5260
6073
874
1893
2559
7347
1799
5917
5918
6065
9256
9254
6940
3431
9252
9251
4131
4132
4133
4127
4128
4123
4124
9257
9258
9259
1263
2069
4140
4141
4142
4145
4146
4139
4150
4151
4152
4153
4147
4148
4149
3422
9260
3239
1260
1931
4154
4157
1276
4162
4163
2341
4160
4158
4159
9265
9264
9261
9262
1332
880
6926
3191
4312
4172
4173
4174
4175
4176
2192
2940
2586
832
4169
1193
4181
4182
2203
2209
4167
4168
829
9267
9268
9266
9269
8291
3436
4807
3435
9276
9270
9271
9274
9275
9272
9273
1703
5915
2488
8283
7348
4210
4211
4212
4202
4203
4204
4205
4206
4207
4208
4209
4183
4185
4186
4187
4220
4188
4221
4213
4214
4215
4216
4217
4219
4195
4197
4198
4199
4190
4191
4192
4193
4224
4200
9277
4818
885
7888
7194
3362
4231
4232
4233
4234
774
4225
4226
4227
4228
4229
4240
4235
4236
4237
4238
4239
3311
9278
9279
7864
9281
9282
9280
9283
4912
4250
4246
4248
4249
1787
2158
696
4242
4244
4047
4252
4253
4254
4255
4256
4261
4263
4264
4257
4258
4259
2210
901
1259
1254
4265
4267
2038
6
4273
4274
4275
28
4278
4270
4268
4269
4282
4283
4284
4286
4287
4288
4289
4280
4281
4279
4293
4294
4291
2598
5533
8409
5736
9285
9284
6076
9300
9301
9302
9303
6708
6703
1820
1465
1825
9289
9287
9288
3065
9286
7935
9298
9299
9292
9293
9290
9291
9296
9297
9294
9295
2459
1686
1002
9304
9305
6229
9311
9312
9310
9315
9316
9313
9314
9308
9309
9306
9307
4074
9319
9317
9318
6422
4295
4296
4297
4298
4299
516
2506
4300
1791
4301
4302
4303
4304
4305
4307
463
8014
7325
1067
9322
9323
9320
9326
7069
9327
9324
9325
9331
9332
9330
865
9328
9329
1304
4310
4311
2129
4313
4314
4315
4317
4318
9344
9345
9342
9343
9346
9340
9341
1655
9339
1812
3095
2677
5160
9333
9334
9337
6189
9338
9335
9336
1366
4330
4331
4332
4333
4323
4324
4325
4326
4327
4328
4329
4340
4341
4342
4343
4334
4335
4336
4337
2838
4338
4339
1363
1997
1993
4320
4321
4322
1374
2975
2015
4319
5020
9349
9347
2783
8102
9351
9350
6292
3777
2854
5844
1979
2169
4345
4347
2179
9355
9356
9353
9354
9359
9357
9358
1226
5346
5700
5360
9362
9360
9361
5358
4865
782
747
3863
5329
5803
2788
1467
4350
4351
4352
4348
4349
3743
7256
2045
9366
9367
9364
9365
7862
9368
9369
3067
2052
9363
6052
6250
9370
4370
4371
4372
4373
4374
4375
4376
4377
4367
4368
4380
4378
4353
4354
4355
4360
4362
3791
4363
4364
4357
4358
1899
6957
1008
861
4381
4382
4383
4386
4387
4388
887
4392
4393
4394
4390
4391
1399
4389
1403
4410
4408
4409
2026
4400
559
4401
4402
4403
4404
4405
4406
4407
4420
4421
4419
4411
4412
4413
4414
4415
4416
1901
4417
4418
4395
4396
4397
4398
4399
2375
4422
4081
2200
4424
4425
4426
4427
3934
2186
3094
1864
2839
4431
4432
4428
4429
4433
4436
4438
4450
4451
4452
4453
4454
4445
4446
4447
4448
4449
2284
419
4440
4441
4442
4443
1721
4491
4492
4490
3871
3075
4493
4494
1017
2633
4496
4497
4498
2944
4021
1196
4499
4507
1557
4508
4509
4500
4501
4505
4506
3549
4510
4511
2990
3571
4512
4513
4514
2089
2803
4515
4516
4517
4530
4531
3001
4529
2226
4521
4522
4523
4524
4525
4526
4527
4528
4540
4533
4534
4536
4537
4539
3145
2641
2640
4544
4546
4547
4518
4519
2905
4551
4552
4553
1595
4548
4549
38
3542
1604
3320
3330
1602
4554
4555
4556
4558
3713
4560
4564
4570
4571
4567
4569
4575
4580
4581
4582
4577
4578
4579
3662
1610
4600
4601
4602
4603
4583
4584
4585
4586
2919
4590
4591
4592
4593
4594
4595
4596
1285
2252
1952
731
4587
4588
4589
1636
2698
1640
4598
4599
4606
4607
4604
4605
4610
4611
4613
4614
4615
3415
3810
2969
1368
4617
4619
442
2279
4621
4623
4624
4650
4651
4652
4642
4643
4644
4645
4646
4647
4648
4660
4661
4662
4663
4653
4654
4655
4656
4657
4658
4659
4630
4628
4629
4664
4665
4666
4625
4626
4627
4640
4641
3472
4639
4631
4632
4633
4634
4635
1726
4636
4637
4638
4802
17532
17533
798
6504
4705
2022
1576
4686
4687
4688
4689
4685
1571
502
4690
4691
4692
4693
4694
4695
2350
3800
4697
4698
4699
4700
4701
4702
4703
1446
4707
514
4708
4710
4712
4763
4764
4740
4738
4739
4737
4751
4749
2960
4741
4743
4744
4745
4746
4748
4760
4761
4752
4753
4754
4755
4757
4758
2978
4759
4771
4766
4768
1071
3209
4772
1020
4775
4776
4777
17520
17521
17522
17527
17528
17529
17523
17524
17525
17526
17530
17531
2681
11638
2673
1829
10468
15086
15083
17509
1156
17508
5173
17510
17511
6585
1844
3426
17516
17517
16666
17518
627
17519
17512
17513
17514
17515
7636
13264
15485
5782
15386
3689
17505
17506
17507
17501
17502
9959
15889
17503
17504
2584
1095
1171
14052
7281
2625
1652
9539
16952
17497
17498
17499
17493
17494
17495
17496
17490
17491
17492
9470
15038
17500
13065
3613
16217
15527
16068
1175
17489
1127
14369
17486
17487
17488
9585
17482
17483
17484
16034
17485
3485
17481
9580
2104
2088
3487
9566
2099
8392
10244
9469
3287
3296
13575
15637
15361
6780
17478
3941
2271
431
5417
17619
7180
14359
6223
7190
2537
7744
3434
3711
4781
4782
4783
4778
1631
2642
4786
4788
4789
4804
4805
4806
4808
4809
4801
4803
3011
4792
4794
3354
4796
4797
4798
4799
2076
4815
4810
4812
4813
4816
4817
4819
15752
7660
4032
5891
4848
4841
4842
4843
4844
4845
4846
4847
4851
4826
4827
4829
4824
4837
4838
4839
4830
4832
4835
4836
2145
1818
4860
4861
2164
4859
2675
2156
4852
4853
4854
4855
4856
4857
4858
2173
772
2167
778
4862
4863
4864
1835
2578
4870
4866
4867
4868
4869
3396
44
1336
1335
1334
1299
10
18
19
1270
2
1303
1302
24
4872
37
1297
3551
1293
1292
1323
1321
1320
4873
4874
4875
4876
4877
41
1328
1698
4884
4885
4886
4881
4882
4878
4879
4890
4891
4892
4894
4887
3056
1788
4895
4897
4898
4899
4903
4904
4905
4906
4907
4908
4909
4900
4901
4902
3828
4910
4911
10412
3254
2630
17615
17616
7406
17617
17618
17613
17614
15481
12297
7185
1158
13070
11179
15812
2857
17608
478
17609
1573
5534
11385
17605
17606
17607
1936
17610
5276
17611
17612
5039
5049
11379
10658
12599
17574
17575
17576
17577
14222
17571
17572
17573
17093
17578
17579
17585
17586
17587
17588
17581
17582
17583
17584
17580
6209
17589
3621
16786
17563
17564
17565
17566
17562
17567
17568
11667
17569
17570
2871
9825
9824
9709
4073
7266
13621
11124
10847
7759
9679
5674
5675
9677
2236
2233
17541
17542
17543
17544
17540
2250
9681
10876
10879
10878
5676
17549
5677
10873
17545
17546
17547
17548
17552
17553
9694
17554
17555
17550
7874
17551
5607
17556
10883
17557
17558
10885
17559
11460
7334
5544
17538
17539
17534
17535
17536
17537
2660
1766
16668
3742
1649
2075
4925
4926
4927
4928
4929
4924
4930
4931
4932
659
2182
4914
4915
4916
4919
4913
4937
4938
4939
1542
4933
4934
4935
4947
4940
4942
4943
4944
4945
4946
1568
825
4969
4961
4962
4963
4964
4966
4967
4968
4972
4973
21
3407
4949
4960
4958
4950
4951
4952
4953
4954
4955
4956
4957
4981
4974
4975
4976
4977
4978
4979
3264
1479
4024
4075
4990
4991
4992
4993
4983
4985
4986
4988
4989
15995
16727
17620
17621
14153
6257
10316
5530
7865
11018
4099
2429
3721
1555
4994
4995
15423
1033
15486
1674
3273
4996
4997
4998
4999
5002
3480
5016
5003
5004
5012
5013
5014
5015
5005
5006
5007
5008
5009
5021
5022
5023
5024
5025
5017
5018
5019
483
3827
17652
3289
2251
12733
1890
864
13281
2301
17648
17649
17644
17645
17646
17647
17651
17650
10142
16765
7261
2324
3304
2299
2332
3465
15973
17640
17641
17642
12319
10738
13008
16361
1085
10110
13393
5893
17637
17638
17639
10685
1405
7760
9934
1190
11393
6445
6850
2204
16017
5963
12386
5129
17633
17634
17635
17636
8331
17630
17631
17632
6818
3822
10691
6626
719
1111
17626
17627
17628
17629
17625
1770
13436
1773
6680
13939
15122
13102
17622
17623
17624
3903
13516
421
1966
1457
5033
5034
5035
5036
5064
5066
5068
5069
5060
5061
5062
5075
5070
5071
5073
3807
3812
1930
5076
5077
5078
3494
1
5085
5086
5080
5081
5082
5083
5084
5096
5090
5091
5092
5094
5095
5097
5098
17685
17686
17687
13362
15143
2667
17688
17689
16525
7224
5112
17
5113
5114
26
1277
5115
5116
5117
5118
1326
17684
17680
17681
6995
17682
6994
17683
2103
10937
13763
6748
17653
17654
12801
12805
17659
17655
17656
17657
17658
17662
17663
8396
17664
8397
17665
17660
17661
8394
12816
17666
17667
17668
17669
17673
17674
17675
17676
17670
17671
17672
2100
15290
17677
17678
1923
17679
5120
5121
5122
5123
5124
1450
5141
5142
5143
5144
5145
5146
2426
5137
5138
5139
5125
5130
5131
5132
5133
5134
5135
5136
2386
5126
5127
5128
17761
17762
17763
17764
17760
17769
7119
17765
2507
17766
17767
17768
17772
17773
17774
17753
17775
15277
8400
17770
17771
10228
17758
17715
17759
6558
17754
17776
17755
17756
17757
8210
8016
2424
2622
5546
17742
17747
17748
17749
11442
17743
17744
17745
17746
17750
17751
17752
5452
6794
3127
17740
17741
5754
739
6534
15260
1776
10418
1651
15197
16041
17731
17736
17737
17738
17739
17732
17733
17734
17735
1761
8716
1768
17729
17728
10731
17730
9828
8350
16382
17720
3483
3554
17725
17726
17727
17721
17722
17723
17724
2115
5563
2098
2095
15325
10233
1912
10237
3552
17718
17719
14324
17714
17716
17717
17712
17713
5862
750
879
4062
15639
566
2477
14620
17699
13416
17707
17708
17709
11485
17703
17704
17705
17706
12338
17700
17701
9839
17702
13879
17710
17711
5147
1537
5152
5153
5148
5155
5158
5162
5163
5164
5166
5167
5168
5169
5161
5159
3471
5170
4051
5174
5171
5184
5186
5187
5188
5189
3121
5180
5181
5182
5183
3995
5195
5196
5198
5199
1395
3132
5190
5192
5193
5194
5200
5176
5177
5178
5179
1407
1801
5214
5217
5201
2964
1994
5210
5211
5213
1248
5203
5204
1806
5206
5207
5208
3944
5209
5220
5221
5222
5223
5224
5218
5219
5225
5226
5227
3780
1286
3540
3819
979
5228
3193
7442
17806
17807
17802
17803
17804
17805
17800
17801
10625
1827
2487
17794
17795
17796
17797
17792
17793
13558
17798
17799
5240
5242
5243
5244
5245
5246
5238
5250
5251
5252
5247
5248
12791
6554
7832
3370
1502
14223
16567
16049
17786
5322
7787
10318
17787
6769
17788
13468
17789
8244
17790
17791
17840
17841
17842
17843
17844
17845
9953
15233
11950
5928
17839
5465
1656
15903
13645
13739
16920
15892
17835
17836
17837
17838
16390
967
12370
1688
1848
17833
17834
3088
17817
17818
921
17813
17814
17815
17816
729
927
17811
17812
2844
4680
10209
5261
5262
5263
5264
5265
5258
5259
1031
1227
2571
5255
5256
5257
5266
5268
5272
5273
5274
5275
5277
5278
5279
5270
5271
3603
5269
5283
5284
5285
5286
5287
5288
5289
5280
5281
5282
5294
5290
5291
5292
5293
5300
3511
1709
5302
5303
5295
5296
5298
1169
5311
5312
5304
5307
5309
5320
5321
5323
1039
5313
5314
5315
5316
5317
5318
5319
5324
5340
5341
5342
5343
5344
5345
5336
5337
5338
5339
5350
5351
5352
5354
5355
5356
5347
5348
5349
5361
5362
5363
5364
5357
5359
5330
5331
5332
5333
5334
5325
5326
5327
5328
1535
1352
5365
5366
5382
5383
5384
5385
5386
5387
5388
5389
5380
5381
5379
5393
5394
5395
5396
5397
5398
5399
5390
5392
563
5400
570
3896
5371
5372
5373
5374
5375
5376
5377
5378
5370
5409
5368
5401
5369
5402
5403
5404
5405
5406
5407
5408
5420
5421
5422
5413
5415
5418
5419
5424
5410
5411
482
14278
5430
5431
5432
5426
5434
5435
5438
1763
5442
5443
5445
5447
5448
5449
2858
13417
17854
17855
17856
3386
11484
417
6726
14317
1011
12918
17846
17847
17848
17849
17850
17851
17852
15994
17853
6452
8270
10955
8125
10564
9404
698
17891
17892
13743
7434
8360
13085
17885
17886
17887
17888
17889
15593
13012
17890
6458
17883
17884
6247
3583
6294
892
12573
3587
2453
17882
17880
17881
3486
13126
3202
6519
6497
6064
6939
17879
17878
7015
9478
14065
6213
17868
17869
3775
1518
17865
17866
17867
17871
17872
17873
17874
6343
10042
17870
626
7826
17875
17876
17877
8188
11079
17913
17914
17915
13406
11463
7177
2282
1117
14435
7674
17912
9727
12821
2626
7777
17911
10615
15551
12491
13660
17909
17905
17906
17907
17908
10033
17901
17902
17903
17904
17900
10248
17910
6631
1059
3322
17899
12535
10608
2909
17927
17928
17929
2906
6900
17926
1616
6901
2242
14424
2916
17930
17931
2921
1839
10552
1959
11401
10555
12902
16950
2791
17925
5105
8351
9716
4105
5688
6391
3754
17916
17917
2539
6951
6945
6947
6960
17978
6952
17979
13498
17981
17982
17983
17984
15562
17067
17980
2330
13503
17985
17986
8239
17960
17961
17962
2671
17967
17968
17969
17963
17964
17965
4726
17966
17970
17971
7695
17972
17973
7493
3520
1708
17974
17975
17976
17977
3541
1953
10516
11520
11128
1961
10002
16742
1967
10929
1501
15119
11084
17958
17959
3177
1300
2473
12837
2700
9779
2165
2679
16324
17221
7060
12854
2811
12868
17956
17957
17954
17955
16272
8927
9796
13692
17094
17938
17939
17935
8932
17936
17937
804
17940
8951
11607
17949
10759
5632
17945
17946
17947
17948
4107
17941
17942
17943
17944
9452
17950
17951
10449
9801
17952
17953
17993
9462
3083
2360
2565
17992
17991
3473
2859
1736
1735
7895
15722
17989
17987
17988
17990
7505
15499
14451
1618
6629
18069
18065
18066
18067
18068
18061
18062
18063
18064
18060
1621
14226
2915
18070
2930
16501
15069
15068
15074
15073
15072
15071
15070
10389
1434
12897
9931
6823
18025
18023
18024
3645
12495
7140
14439
3269
3665
15065
15064
15063
15062
15067
15066
15061
15060
1970
13882
6042
6583
15058
15057
15059
2664
3093
8386
18022
5451
8042
1187
8293
3997
3999
849
8277
15047
15046
15045
15044
15049
15048
15054
15053
15052
15051
15056
4003
15055
2382
15050
2579
3029
13431
5968
6150
6760
15036
15035
15034
15033
1422
10902
15039
15037
15043
7142
15042
15041
15040
10310
6544
12668
2935
5103
1933
2168
1927
18015
18014
18010
18011
18012
16595
18013
10500
11049
14560
3548
5604
7122
3117
477
10548
11277
18003
18004
18005
18006
10327
7667
11253
10961
18007
18008
18009
12481
17994
17995
18000
18001
6301
18002
17996
17997
17998
17999
6480
4484
3116
3889
3112
15102
15101
2227
12751
15106
2907
15105
15104
15103
2903
15109
15108
15107
14540
15113
6288
15112
15111
15110
15117
15116
15115
15114
5869
15118
15120
15121
13303
1962
15100
6204
5929
10182
11529
6524
15098
15097
15096
15095
15099
15094
18058
18059
18054
18055
18056
18057
18050
18051
18052
18053
15667
13563
18027
18028
15671
6755
15676
15675
18029
15679
18036
18037
18038
18039
12890
18032
18033
18034
18035
18030
18031
11642
18047
18048
18049
18043
18044
18045
18046
18040
18041
18042
15076
15075
15079
15078
15077
15087
15085
15084
15089
15088
15082
15081
15080
15090
15093
15092
15091
795
11221
13603
15900
18026
2596
1431
6529
7395
15696
788
5503
1900
6293
14239
8878
15142
15141
15140
10491
5930
12710
15135
14049
15139
15138
15137
15136
5922
13000
11623
12753
18116
3938
18117
18098
18099
2232
2222
6903
18102
18103
18104
18105
9910
18100
18101
569
18106
18107
18108
18109
18113
18114
18115
18110
18111
18112
1433
8160
1448
3179
11252
18094
18095
18096
18097
18092
18093
5698
7724
6439
6130
10194
15370
2813
18091
6245
10943
13716
18090
15345
14221
17898
2295
12410
18087
18088
18089
18083
18084
18085
18086
18080
18081
18082
12548
15819
3203
18078
18079
2405
7151
3622
10370
751
9672
15919
5867
17189
9843
18076
18077
18072
18073
18074
18075
18071
3532
8398
15159
11598
15161
15160
15130
14523
12406
11070
7452
15157
15156
15155
11474
15158
3981
6721
6723
14573
15146
15145
15144
12958
15149
5535
15148
15147
15153
15152
15151
15150
5752
15154
12963
13741
3236
1218
8223
18118
18119
18120
2060
15186
15185
15184
15183
13720
10317
1683
15182
15181
15180
8275
7188
13221
3340
15179
14203
6303
15169
15173
15172
15171
15170
10808
15168
15167
15166
13529
5615
14337
14459
15164
15163
15162
15165
11492
15196
15195
15194
15193
15192
15191
5029
14352
2652
6273
15223
15222
1257
3624
10686
15221
15220
15219
15218
15216
15217
11076
10989
1828
15215
15214
15213
6313
9872
15199
15198
3453
13971
10742
15201
15200
15205
15204
15203
10672
15202
15209
15208
15207
15206
3790
15212
3792
15211
15210
10768
3360
14657
7333
10793
5515
10403
3399
13845
15234
15232
15231
15235
1240
2304
15229
15228
15230
2323
7084
15227
15226
15225
15224
4465
15263
15262
12555
11155
10839
7077
6295
10963
15261
7638
4116
5633
5759
6812
15252
15251
15250
15256
15255
15254
15253
15259
15258
15257
15245
15244
15249
15248
15247
15246
1003
7096
1028
9869
15238
7649
15239
15241
15240
15243
15242
3183
11331
11335
11866
1392
15237
15236
11995
12921
6054
7268
7506
15267
15269
10133
15268
15270
1991
15322
15324
15323
3231
15319
15320
1677
2657
2672
2670
2669
15309
753
15308
15307
15311
13650
15310
2161
13092
15315
15314
15313
15312
15318
15317
15316
7468
11206
11209
11126
7049
15304
15303
15302
15306
13128
15305
7802
10833
2962
2003
737
10675
12930
869
7619
5568
6950
3993
12674
15301
3635
3156
15300
15296
15295
11050
15294
15293
4044
15299
15298
15297
10917
15292
3562
10857
6547
8149
5949
5
15289
36
7078
14286
7834
13965
14614
15321
6383
6543
2021
7283
991
15366
9401
15369
15368
15367
15373
15372
15371
15375
15374
1762
14445
7088
15355
5750
15357
15356
7706
15348
15347
15349
15351
15350
15354
15353
15352
2645
13549
657
660
12947
15344
6424
15346
11177
15340
15343
15342
9820
15341
2395
2394
3060
13669
15333
15332
15331
15330
15337
15336
15335
15334
15339
15338
15329
15328
15327
1984
15443
13748
15444
3627
13711
11548
15429
15428
15432
15431
15430
15436
15435
15434
15433
15439
15438
15437
15442
15441
15440
10799
13515
7322
10617
15425
15424
15427
15426
11215
15421
15422
14516
15420
7211
6785
6539
13832
11067
9660
3128
7656
663
15419
3586
15414
15418
15417
15416
15415
3760
6700
5810
15395
15399
15398
15397
15396
15409
15408
15403
13588
15402
15401
15400
15407
15406
15405
15404
15410
15413
15412
15411
4095
15384
9862
15388
15387
15385
4094
15389
6362
7374
15394
15393
15392
2043
15391
15390
10428
2039
14303
15383
15382
15381
10050
3640
7040
15380
10897
1987
1989
5488
7355
15379
15378
5585
6056
4670
3779
12380
12381
12382
12383
15476
11069
15475
15474
15473
1544
6346
8081
12545
15472
15471
15470
15469
15468
5735
7292
3082
3563
10784
9761
12356
12357
2437
15465
15464
15463
11264
15467
15466
12351
12352
1850
12353
3878
6722
15461
15460
15462
7041
1696
3598
6367
4031
3585
2447
1445
7704
5649
9849
12350
7514
1301
10462
1704
10622
12348
12349
12347
7871
11491
15458
15457
15456
1728
15459
1337
10774
3636
6259
15455
2152
11191
7013
6160
767
5043
12339
12333
12334
12337
12335
12336
12340
12341
11131
11019
12344
12345
12342
12343
12346
777
15449
15450
15454
15453
15452
15451
3104
2472
12318
12317
1212
12329
12328
12321
12320
12323
12322
12325
12324
12327
12326
12331
12332
6770
15447
15446
15445
15448
12377
12378
12379
1619
12359
12358
12362
12363
12360
12361
11515
12366
12367
12365
12368
12369
12373
12371
12372
3534
12375
12376
6407
10556
6408
9458
12472
12473
12470
12471
12438
12439
12432
12476
12433
12474
12475
12436
12437
12434
12435
12440
12449
12443
12444
12441
12442
12447
12448
12445
12446
12450
12451
12454
12455
12452
12453
12458
12459
12456
12457
12461
12462
12460
12465
12466
12463
12464
12469
12467
12468
3817
2720
12412
12413
2699
11063
11062
11064
11066
11071
12407
1821
12408
12405
12409
11077
9901
12403
12404
9904
9905
11080
11083
10997
11685
1841
6199
15509
15508
15507
15502
14853
15501
15500
15506
15505
15504
15503
5631
14863
15498
15497
15496
5730
15495
12399
12395
12396
12393
12397
12398
8072
15487
12391
12392
12390
11228
6570
12299
6463
12388
12389
15483
15482
15480
15484
11294
12384
12385
7831
6611
12387
9513
15479
15478
15477
9969
8054
12430
12431
3369
7326
12418
12419
12416
12417
12414
12415
10478
819
2339
12429
2338
12427
12428
12421
12422
12420
12425
12426
12423
12424
8378
12559
12553
12554
12557
12558
12556
12560
12561
1597
4480
7396
12550
12551
12552
12549
12547
7655
5747
6456
2142
1245
3242
12517
12518
12516
12519
12528
12529
12526
12527
12520
12521
12524
12525
12522
12523
12531
12532
12530
827
12515
876
12510
12513
12514
12511
12512
5670
3530
11087
1711
2686
2684
12506
12507
12504
12505
12508
12509
6430
4053
2267
12483
12484
12487
12488
12485
12486
12489
12490
12494
12492
12493
2294
12498
12499
5876
12496
12497
12502
12503
12500
12501
11949
12478
12479
12480
12482
9371
9380
9381
4464
9377
9378
9375
9376
9379
9373
9374
9372
9388
9389
9386
9387
9385
9382
9383
6501
9397
9398
9391
9392
9390
9395
9396
9393
9394
2522
6621
6620
8162
2071
9399
9400
9403
9402
8361
9405
9406
9416
9411
9414
8722
9415
9413
9407
9408
9409
9421
9422
9420
9425
9426
9423
9424
9418
9419
9432
9430
9431
9436
9437
9434
9435
9429
9427
8312
6920
7869
2593
752
7376
6126
1221
1229
9443
9444
9441
9442
9447
9448
9445
9440
3531
9438
9439
9454
9455
9453
9456
9457
9450
9451
9449
3508
9465
9466
9463
9464
9461
9460
5820
9459
3569
11157
2809
8721
12625
12623
12624
12621
12622
12605
12606
12603
12604
12607
12608
12601
12602
12600
7145
10196
2408
6409
2417
12590
12593
12594
12591
12592
12597
12598
12595
12596
7545
3580
12576
12586
12587
6856
12585
12588
12589
6075
7123
9630
1420
10740
8231
12579
12582
12583
12580
12581
10724
12584
2391
2390
12577
12578
3865
12575
12574
9467
9468
1817
12564
12565
12563
12568
12569
12566
12567
12571
12572
12570
10837
9474
9475
9472
9473
9471
12562
9488
9486
9489
9480
9483
9484
9481
9482
9476
5471
9477
9479
9490
9491
9492
9493
9494
9495
9502
9503
5586
9500
9501
7516
16
5709
9506
9507
9504
9505
9508
9498
9499
9496
9497
8369
3196
7042
919
9510
9514
9512
9509
5694
8163
5724
9515
9516
9517
9518
9519
8215
9520
3277
7470
9521
9524
9525
9522
9523
7792
5692
9528
9526
9527
7167
6990
11544
12727
12728
12729
12737
12738
12735
12736
12739
12730
12734
12731
12732
5493
6060
12746
12740
7029
12741
12744
12745
12742
12743
18135
18136
18137
8259
9545
1660
12726
12724
12725
7525
9826
12723
18131
18132
18133
18134
18130
9902
2927
18124
18125
18126
18127
18121
18122
18123
18128
18129
12715
12716
12713
12714
12719
12718
12711
12712
9633
11712
11475
12722
12720
12721
4082
12704
12705
12702
12703
12708
12709
12706
12707
8013
10737
1867
7780
12692
12693
12691
495
12696
12697
12694
12695
12699
12700
12701
12681
12682
12680
3178
2436
12685
12686
12683
12684
11236
12689
12687
12688
12690
12675
12672
12673
12678
12679
12676
12677
9632
7577
866
9540
12670
12671
3295
7068
1715
12669
12667
5939
10460
7101
3217
12659
12657
12660
7159
1920
12663
12664
12661
12662
12665
12666
9531
9532
9530
9533
9534
10827
12652
12653
12656
12654
12655
12544
9542
9543
9541
9544
9537
9538
8109
6206
9535
9536
6224
12638
12639
12636
12637
12630
12631
12634
12635
2869
12632
12633
12649
12647
12648
12641
12642
12640
12645
12646
12643
12644
12650
8128
12627
12628
12626
3620
12629
9546
9547
5472
9548
9549
2805
7488
7124
9553
9554
9551
7133
9552
9557
9558
1909
9555
9556
9550
2634
1146
9564
9565
9562
9563
9560
9561
9559
9586
9587
9584
9588
9582
9583
9581
1148
9568
9575
9573
5572
9574
9579
3991
9577
9578
9571
9572
9570
9620
9623
9624
9621
9589
9622
9616
9617
9614
9615
9618
9619
9597
9598
9595
9596
9599
9590
9593
9594
9591
9592
9627
9628
9625
9626
9601
9602
9600
3657
8121
9612
9613
9610
9611
3147
9605
9606
9603
9604
9609
9607
1207
9608
7128
50
9634
9635
7457
9641
9642
9640
9645
9643
9644
9638
9639
9636
9637
5714
3546
12836
12834
12835
12832
12833
12831
1065
12830
8140
11879
11630
2486
12825
12826
12823
12824
12829
12827
12828
12822
6351
18212
18213
18214
18215
3881
18210
18211
1730
3114
18216
18209
12818
12819
12817
18208
7002
10807
12795
8407
12796
12799
12797
12798
5110
12803
12804
12802
12807
12808
12806
12800
12809
2096
2093
12814
12815
12812
12813
1915
12810
12811
6793
12792
12790
12793
10496
12794
6772
4486
12789
2601
896
13846
7331
7419
13622
14200
1204
18205
18206
18207
3561
2002
6845
2971
12784
12785
12788
12786
12787
7685
18187
18188
18189
2831
5028
1945
18197
18198
18199
18193
18194
18195
18196
18190
18191
18192
11208
18201
18202
18203
18204
18200
2695
10522
9646
9647
10390
6016
12779
12778
12781
12782
12783
18179
9783
18175
18176
18177
18178
18171
18172
18173
18174
18170
6043
18186
16123
18182
18183
18184
18185
18180
6161
18181
16127
3529
18158
18159
18168
18169
18164
18165
18166
18167
18160
18161
18162
18163
13318
11211
6133
2366
6540
9650
9651
9648
3245
9765
12538
12773
12774
12777
12775
505
6033
3049
18157
18155
18156
6542
3560
677
9658
6866
9659
640
9652
9653
9656
9657
9654
9655
12768
12769
12762
12763
12761
12766
12767
12764
12765
4110
12770
3334
11122
12771
12772
6676
6667
18146
18147
18148
18149
18145
13651
12964
17783
18153
18154
18150
18151
18152
3536
9663
9664
9661
9662
5760
12759
12757
12758
12752
12750
12755
12756
12754
12760
10558
12618
12748
12749
12747
3702
9667
9668
9665
2627
9673
9670
9671
3249
3248
9669
9674
9675
9676
6527
6627
9678
9685
9686
9683
9689
9687
9688
9682
9680
9696
9697
9695
5058
9692
9693
9690
9691
3667
855
2612
7047
6576
9698
5689
6795
9701
9711
9712
9710
1421
9704
9705
9702
9703
9708
9706
9713
1758
3070
9699
12944
12943
6598
5975
18278
18279
18274
18275
18276
18277
18273
14599
1690
6796
8304
4473
18271
18272
7117
12935
12936
12934
12939
12937
12938
2782
12940
7781
18270
2480
12933
6077
10865
12928
12929
4671
12931
12932
7191
7837
6505
6000
12924
12925
12922
12926
12927
12920
2053
9777
12917
12919
12957
18267
7252
14185
18268
18269
18264
18265
18266
16709
11217
9724
18263
18256
18257
18258
18259
7884
16486
18260
18261
18262
5492
1408
18252
18253
18254
18255
18250
18251
6949
7492
18229
18234
18235
18236
18237
18230
18231
18232
18233
18238
18239
18245
18246
18247
18248
18241
18242
18243
18244
18240
18249
6038
5233
3687
7782
9722
9723
4035
9720
9721
9719
9718
9730
9733
9731
9732
9726
9725
9728
9729
2155
1267
18227
18228
3782
2418
9740
9741
9744
9742
9743
9737
9738
9735
9736
9739
9748
9746
7414
7233
9734
5575
3503
1443
7565
12878
12879
12872
12873
12870
12871
12876
12877
12874
12875
12880
12889
12883
12884
12881
12882
12887
12888
12885
6914
12886
7021
11207
8201
12869
12867
12866
18224
18225
18226
7243
9751
9752
9750
9753
9749
7963
2153
12838
12839
7954
7955
7958
12847
12848
2678
12845
12846
12849
12840
12843
12844
12841
3725
12842
7981
12858
12859
12856
12857
12850
12851
12855
12852
12853
12861
12862
12860
12865
12863
12864
9977
18223
9762
9763
9767
9764
1236
4102
9773
9774
9771
9772
9775
9776
9770
9768
9769
7946
13001
12999
13004
13005
13002
11420
13003
12997
12998
12995
13006
12996
2280
608
2401
10367
10618
7657
12990
12993
12994
12991
12992
895
2125
12988
12989
18335
9951
3403
3069
12986
12987
12984
12985
18334
6428
11030
6835
5640
5641
3740
12983
18333
18330
11263
18331
11020
18332
6758
2298
2331
14245
18326
18327
18328
18329
5543
12979
1716
1176
12982
625
12980
12981
3286
4067
8150
12977
12978
12975
12976
12973
12974
10163
5050
8173
6902
12968
12969
9907
6377
12971
12972
12970
9784
9785
9782
9786
9787
9780
9781
3447
10220
18322
18323
18324
18325
18320
18321
9788
9789
7712
9793
480
9791
9792
9790
508
6277
16751
8214
10612
10659
11316
18314
18319
18315
18316
18317
18318
8294
2502
9814
9815
9812
9813
8925
9816
9795
9794
9799
9797
9798
9800
9810
9811
8681
9809
3027
1562
9803
9804
9802
9807
9808
9806
7723
18308
16568
18309
18305
18306
18307
18311
18312
18313
18310
9821
3477
9818
9817
6319
12966
1509
12965
8161
9827
7661
12959
12960
12961
12962
2451
18296
18297
18298
18299
18292
18293
18294
18295
18290
18291
3675
18300
18301
18302
13176
14343
18289
18285
18286
18287
18288
1330
18282
18283
18284
12955
12956
12950
12953
12954
12951
12952
3092
10306
12946
12945
12948
12949
10535
6227
5931
18281
18280
9844
9850
9851
9847
9848
9845
9846
9852
9853
13009
13010
7327
2715
18378
18379
2743
3830
6242
18384
18385
18386
18387
18380
18381
18382
18383
3053
7008
3840
17138
13854
10435
14128
5974
3497
3327
13063
13064
10640
18377
18373
18374
18375
18376
18371
18372
573
5914
5780
13059
13058
13062
13060
13061
5453
3946
6191
2270
13526
3793
1096
11412
13040
13041
13044
13045
13042
13043
13048
13049
13046
13047
13051
13052
13050
13055
13056
13054
10108
13057
3260
9955
7476
13038
13039
10851
3758
11309
13033
13034
13031
13032
13037
13035
13036
18370
13600
3638
3650
13016
13019
13017
3648
13018
13022
13023
13020
13021
13026
13027
13024
13025
13028
13029
13030
8286
9932
7038
3664
18369
10040
2792
13015
6677
13013
13014
9857
2848
9854
9855
9861
9863
3285
9858
9859
3291
9865
9866
9864
522
9867
9868
5483
3101
18367
18368
7279
6750
9870
9871
7775
6819
9873
4111
6140
9876
9874
9875
9880
9878
9879
7830
1050
17048
1136
633
3130
8383
7007
15556
18355
18356
18357
18358
18353
18354
10912
3854
18359
18366
6462
18362
18363
18364
18365
18360
18361
13007
6615
18336
18337
18338
18339
18344
18345
18346
18347
18340
18341
18342
14385
18343
18348
18349
18351
18352
18350
10113
10766
13950
9887
9886
9892
1053
8284
9890
9891
9889
7500
9894
8245
9895
9893
7399
9896
9897
7130
6857
18454
18455
18456
18457
16431
18452
18453
15665
7099
15685
16970
10076
13351
3307
3429
16427
18450
18451
16238
16206
15524
18443
18444
18445
18446
6068
18442
18447
18448
18449
3326
2802
18441
7103
1359
18440
10219
9990
18434
18435
18436
18437
18438
18439
5620
18424
3292
18429
18425
18426
18427
18428
18432
18433
18430
18431
11489
5731
6309
6317
9898
9899
7259
2910
9908
9909
9903
9900
9906
2914
9913
9914
9911
2362
9920
9921
9919
9917
9918
9915
9916
5695
9924
9925
9922
9923
9933
5042
9930
3625
9928
9929
18410
18411
18412
18413
1178
18414
8266
7059
6571
18399
18395
16333
18396
18397
18398
18400
18401
18402
18407
18408
18409
18403
18404
18405
18406
9964
9965
9962
2211
9966
9967
18391
18392
18393
18394
3087
6648
9971
9972
9970
9975
9973
9974
9968
8012
3012
2636
3003
2639
11480
13067
13068
13069
13071
3275
7789
18388
18389
6875
18390
5653
2972
9976
9982
9983
9981
9986
9987
9984
9985
711
9979
6200
2514
7415
18531
18532
18533
18534
18530
13847
18539
10650
18535
18536
18537
18538
18542
18543
18544
18545
18540
18541
1550
18546
18547
6837
5799
817
18528
18529
14208
5610
8405
3188
1712
18518
18519
18520
18521
18522
18523
18524
18525
18526
18527
13780
18517
10132
18511
18512
13147
18513
18514
18515
18516
6390
1147
18473
13624
3105
6232
5683
18472
3499
9993
9991
9992
9988
9989
18465
18466
18467
18468
6289
1271
6798
18469
7941
18470
18471
10956
7115
8247
820
15814
10011
4049
10010
10013
10012
10015
10014
9994
9997
9998
9995
9996
7023
9999
10008
10007
10009
10000
10001
749
10004
10003
10006
10005
2663
5457
5450
5455
10024
10025
3666
5458
5470
10028
10027
6777
5460
5461
5462
5463
5464
5466
5467
5468
10029
6014
10031
10030
10032
10035
10034
10037
18463
18464
16891
5469
549
9936
7776
10039
10038
3951
18461
18462
18460
15574
5473
5474
5476
5477
5481
5478
5479
10041
18458
18459
1949
14074
3614
14318
10051
10053
10052
10055
10054
10056
9840
10044
10043
10045
10048
10049
3683
5484
5486
5489
1255
5510
5508
5509
1269
5500
5501
5502
5504
5505
5506
5507
5520
5521
5519
5511
5512
5513
5514
5516
5517
5518
5494
5495
5496
5497
5498
5499
5491
1288
5522
5523
5524
713
5525
5526
18554
18555
18575
18576
18577
18578
18579
13291
18580
18581
15915
3169
16096
18573
18574
6535
18571
18572
3349
10057
10059
10058
10060
10062
10061
18558
18559
18564
18560
13991
18561
18562
18563
10064
10063
10066
10065
10068
10067
2396
18556
18557
2023
11219
6194
1585
10071
10070
10072
7906
10073
10075
10074
4026
5536
5531
5532
5528
5529
10077
10078
5540
5541
5542
5538
5539
5550
5551
5552
5553
5554
5545
5548
5555
5556
5557
5558
5559
3108
1574
8008
8002
1906
5560
5561
5562
5564
5565
2800
5570
5571
5573
5576
5566
5567
5569
5580
5582
5583
5584
5577
5578
5579
807
1361
5587
2549
5591
5593
5595
5590
5588
5589
4470
10090
10093
10092
10095
10094
10097
10096
10099
10098
7722
10101
10100
10103
10102
10104
2769
10086
10088
10087
10089
6816
18553
18551
18552
11256
16823
10107
10106
10109
4078
10118
10117
10119
10112
10111
10114
10116
10115
7155
10121
10120
10123
10122
11581
8290
676
8021
6517
18548
18549
18550
2934
5611
5612
5613
5596
5597
5598
5599
2846
5608
5601
5603
5606
2070
5618
5619
5614
5616
5617
5621
5622
5623
5629
5625
5626
5627
5642
5634
5635
5636
5637
5643
5645
5646
5647
5648
8053
10748
18593
18594
18595
3618
18586
18587
18588
18589
17331
18585
18590
18591
18592
5031
18622
18616
18617
18618
18619
18620
18621
6216
18611
18612
18613
18614
1664
14271
18610
11505
18599
13709
18600
18609
18605
18606
18607
18608
18601
18602
18603
18604
5661
5663
5664
5654
5655
5656
5659
5665
3611
5650
5651
5652
5671
5672
5668
5669
1917
3036
5232
5680
5681
5682
5679
2757
1345
5690
5691
5693
5696
5697
5699
5706
5707
5708
5701
5702
5703
5704
5705
5717
1315
5718
5719
5710
5711
5712
5713
5715
5053
1324
5720
5721
5722
1329
803
457
5723
6597
3321
6869
18582
18583
18584
3577
2980
5728
5725
5726
5740
5741
5739
5732
5733
5734
5737
5738
5742
5743
3866
18655
6296
3106
18652
18653
18654
18650
18651
9830
16083
7766
16697
16696
16695
8159
16694
15923
18641
18642
18643
18644
18640
18649
18645
18646
18647
18648
8333
872
8065
13819
14501
10785
18630
18631
18632
18633
15606
18638
18639
18634
18635
13347
18636
18637
13757
6004
17294
13816
18708
18709
18706
18707
8232
18710
14230
18719
18715
18716
16215
18717
18718
18711
18712
18713
18714
18720
18721
4122
3352
11377
18722
18723
18724
18698
18303
17934
18696
18697
18692
18693
18694
18695
18690
18691
18666
16122
2952
11676
18667
18668
18669
18674
18675
18676
18677
18670
18671
18672
18673
18678
18679
18685
18686
18687
18688
18681
18682
18683
18684
18680
18689
18658
18659
18663
18664
18665
18660
18661
18662
14035
2443
14043
18656
18657
6165
5748
5751
5761
5762
5763
5753
5755
5756
5757
5758
5764
5770
5765
5766
5769
5775
3796
5776
5777
5778
5779
5771
5773
5783
5784
3874
5786
5788
5789
2193
5791
5792
5793
5794
5795
5796
2771
5797
5798
5805
5808
5800
5801
5802
5804
5816
5817
5818
5819
1530
5811
5813
5814
5815
2040
5827
5828
5829
5821
5822
5823
5824
5825
5826
5830
5831
1524
5809
5840
5839
5832
5834
5835
5837
5842
5843
5850
5849
5846
5848
5860
5861
5852
5853
5854
5855
5856
5857
5858
5859
5870
5872
5873
5863
5864
5865
5866
5868
5880
5881
5882
5884
5874
5875
5877
5878
5851
5885
5886
5887
5888
5892
5894
3303
5889
5896
5897
5898
5899
5900
5901
5902
5895
5916
5910
1837
5912
5904
5905
5906
5907
5908
5909
5920
5921
5903
5933
2721
2816
5923
5924
5937
5938
5935
5940
5941
5942
5943
5944
5945
5946
5959
695
5951
5952
5954
5955
5956
5957
4101
5960
5970
5971
5962
5964
5965
5967
5973
5976
5977
5981
5982
5983
5985
2659
5990
5991
5992
5986
5987
5989
6001
6003
5993
6005
5994
652
655
5995
5996
5997
5998
5999
496
6007
6029
6028
6010
6012
6011
6013
6015
6009
1559
6021
6020
6023
6022
6025
6024
6026
6018
6017
6019
6031
6034
6036
6035
6030
6041
6040
6039
6045
6044
6047
6049
6053
6050
6051
4039
6070
6072
6071
6058
6057
6059
6067
6066
6069
6061
6063
6062
449
452
473
513
520
509
590
593
550
594
551
595
552
596
553
597
598
555
556
557
558
561
568
571
577
579
586
587
588
589
600
611
623
624
628
671
672
673
675
634
678
636
639
642
643
645
647
648
649
650
651
653
654
656
658
661
662
664
665
667
668
684
702
721
736
738
6078
6111
6110
6113
6079
6112
6115
6114
6106
6105
6108
6107
6109
3956
6087
6086
6089
6088
6081
6080
6083
6082
6085
6084
6117
6116
6118
6097
6099
6090
6092
6091
6094
6093
6096
6095
6100
6102
6101
6104
6103
6119
6122
6124
1199
6125
1546
6131
6135
6127
6129
1646
1779
6136
6142
6141
6144
6143
6145
6148
3347
6139
6138
6153
6152
6154
6157
6156
6158
3510
6149
6166
6168
6167
6169
6162
1744
6175
6174
6177
6176
6178
6171
6170
6173
6172
3216
6180
6190
6186
6185
6188
6184
6183
6198
6193
6192
6195
3690
6212
6211
6207
6208
6221
6220
2581
6218
6219
6230
6225
760
764
765
766
771
773
775
776
780
781
783
784
743
745
746
796
799
801
833
836
838
844
847
848
822
828
870
873
882
884
853
888
893
894
897
902
916
958
960
925
926
929
933
934
935
938
948
990
973
976
984
988
1022
1018
1016
1030
1026
1024
1010
1007
1036
6231
6233
6234
6236
3837
3916
6241
6240
6243
6244
6246
6238
6237
6239
6251
6254
6255
6248
2851
4037
6274
6276
6275
6278
6279
6270
6272
6271
2704
6285
6284
6286
6281
6280
6283
6263
6265
6264
6267
6266
6269
6268
6287
6290
1049
1063
1060
1077
1074
1070
1068
1080
1088
1087
1086
1084
1082
1078
1102
1108
1142
1141
1140
1139
1138
1137
1144
1120
1115
1129
1153
1152
1149
1165
1168
1166
1220
1217
1215
1211
1219
1230
1224
1223
1238
1235
1234
1233
1232
1209
47
1262
1258
1256
1273
1272
1268
1266
1265
1284
1283
1282
1280
1279
1278
1252
1251
1250
1291
1290
1289
1287
6311
6310
6312
6314
1611
1972
3678
6320
6322
6324
6323
6331
6330
6333
6332
6335
6334
2404
6326
6325
6328
6327
6329
6340
6342
6341
6344
6337
6339
6338
6350
6353
6352
6355
6354
6357
6356
6347
6349
6361
6364
6366
6365
6368
6360
6359
6358
6372
6371
6370
6369
6373
6375
6379
6386
6385
6388
6387
6380
6381
6395
6396
6399
6398
6393
6392
6401
6400
6403
6402
1333
1331
1305
1309
1308
1307
1316
1314
1313
1311
1310
1319
1318
1317
1327
1325
1322
1341
1346
1362
1355
1354
1373
1371
1370
1367
1365
1393
1391
1387
1386
1419
1417
1437
1435
1439
1442
1454
1460
1473
1472
1471
1466
1480
1478
1477
1476
1474
1499
1498
1497
1496
1500
1508
1506
1484
1483
1482
1495
1494
1493
1492
1490
1488
1487
6427
6426
6432
6431
6434
6433
6441
6440
6443
6442
6444
6436
6435
6438
6437
6450
6451
6447
6446
6449
6455
6457
6460
6465
6464
6459
6471
6474
6473
6476
6475
6478
6477
6470
6469
6468
6483
6482
6485
6484
6487
6486
6481
6479
4467
6467
6466
3746
6489
6488
3050
6494
6496
6495
6492
6491
6511
6510
6509
6502
6503
6508
6507
6520
6513
6512
6515
6514
6518
6498
6499
6500
1842
6521
6523
6526
6525
1536
1532
1529
1539
1538
1549
1548
1560
1558
1554
1570
1569
1567
1566
1564
1563
1583
1582
1581
1579
1578
1577
1575
1588
1587
1586
1584
1572
1594
1593
1592
1589
1599
1598
1600
1603
1612
1617
1615
1624
1623
1629
1628
1626
1625
1635
1634
1630
1638
1637
1608
1607
1657
1653
1658
1668
1667
1666
1665
1661
1644
1642
1647
1671
1676
1675
1699
1697
1695
1682
1693
1692
1702
1734
1733
1742
1741
1749
1748
1746
1754
1753
1751
1750
1719
1723
1722
1720
1724
1780
1774
1783
1759
1765
1769
1792
1785
1798
1794
1815
1851
1819
1822
1826
1823
1831
1830
1838
1843
1840
1849
1847
1845
1856
1862
1869
1877
1871
1898
1896
1894
1902
1880
1879
1887
1939
1938
1940
1973
1951
1956
1955
1968
2011
2010
2008
1996
2007
1995
2005
2004
1999
2017
2016
2034
2042
2036
2078
2074
2073
2072
2056
2049
2048
2066
2065
2063
2061
2058
2057
2110
2108
2105
2109
2087
2120
2119
2118
2114
2113
2112
2090
2122
2126
2124
2141
2140
2138
2135
2147
2163
2162
2159
2157
2171
2170
2144
2177
2180
2181
2178
3433
3449
3448
15519
15518
15513
15517
15516
15515
15514
15520
15523
10794
15522
15521
15525
15512
15511
15510
7301
2191
2199
2198
2197
2195
2194
2189
2207
2205
2202
2201
2208
2188
2185
2216
2215
2213
2212
2231
2230
2229
2228
2225
2224
2223
2243
2241
2240
2239
2238
2237
2235
2234
2254
2253
2249
2248
2246
2245
2221
2262
2261
2260
2218
2217
2259
2258
2257
2256
2255
2219
2275
2274
2273
2272
2266
2286
2283
2278
2290
2297
2296
2293
2291
2288
2263
15538
15537
2306
2305
2303
2302
2308
2315
2313
2311
2310
2319
2318
2328
2327
2326
2325
2322
2321
2329
2340
2337
2336
2335
2334
2333
13740
15536
2353
2349
2348
2345
2357
2355
2354
2371
2368
2367
2365
2377
13460
15535
2389
2388
2385
10973
10867
10864
10870
15531
15530
15534
15533
15532
2397
2393
2423
2421
2420
2399
2403
2400
2409
2406
2414
2413
2412
2411
2410
2434
2431
15564
15565
2465
2464
2441
2438
2452
2450
2448
2461
2457
2474
2485
2483
2482
2481
2479
2476
2496
2495
2494
2492
2489
2504
2503
2501
2509
2508
2505
2513
2511
2510
2518
2517
2516
2499
2497
2945
15612
15611
15610
2540
2536
2530
13168
15597
15596
15595
15594
2561
15599
15598
6650
15609
15608
15607
14511
15601
15600
10596
15605
13702
15604
15603
15602
2550
2547
15582
15581
15586
15585
15584
15583
15589
15588
3677
15587
10454
15592
15591
15590
8359
13156
2551
2560
2557
2555
2553
2570
2568
2567
2566
2564
2563
15580
15579
2592
2590
2589
2588
2583
2577
6997
2599
2597
12909
11038
10639
10836
15568
15567
15566
15569
15571
15570
15575
15573
15572
15578
15577
15576
2603
2604
15662
15661
15660
11465
13170
15645
15644
15649
15648
15647
15646
15652
15651
11494
14362
15650
15656
15655
15654
15653
15659
15658
10720
15657
11516
13935
3420
2778
14378
10333
15638
11631
15641
15640
15643
15642
11186
15629
15628
15623
15622
15621
15627
11103
13647
15626
15625
15624
15630
15634
15633
15632
15631
15636
15635
13185
11088
11094
15620
3222
15619
15618
15617
15616
15615
15614
15613
15708
15707
15706
15705
15709
15700
3876
15704
15703
15702
15701
15710
15699
15698
15697
11572
7048
10224
15689
15688
15687
15692
15691
15690
15695
15694
15693
3107
15663
15666
15664
15669
15668
15670
15674
15673
15672
1907
15678
15677
15681
15680
15684
14395
15683
15682
8308
15686
3270
11455
15751
15750
15744
15743
15742
15747
15746
15745
8287
15740
15741
11249
15739
15738
15737
15719
15718
15717
15716
7129
15711
15715
15714
15713
15712
15728
15727
3257
15721
15720
15726
15725
15724
15723
14124
15766
15765
15768
15767
15755
15754
13332
15753
15759
15758
3724
15757
15756
15362
15762
15761
15760
11482
7380
11604
15764
15763
11611
7833
8020
3126
15544
10626
10627
13265
15803
10358
15817
15816
15815
13995
15813
4068
13415
15807
15806
15805
15804
15809
15808
13266
14712
15810
15811
15780
15784
15783
15782
15781
15788
15787
15786
15785
15789
15791
15790
15795
15794
15793
15792
15799
15798
15797
15796
15802
15801
15800
15779
15778
13928
7877
10134
10351
15773
15772
13915
13913
10363
15777
15776
15775
15774
15769
15771
15770
10733
10735
15832
15831
15836
15835
15834
15833
15829
15828
15827
15826
15825
15824
15823
15830
13546
15917
15916
15918
11042
13087
13891
9882
15883
7146
15882
15881
15880
2688
15887
15886
15885
14279
15884
15888
15890
15891
3225
7700
14135
13129
11502
15876
15875
15874
2837
15879
15878
15877
11283
6765
1170
15861
15860
15865
15864
15863
15862
15869
15868
15867
15866
15872
15871
15870
6833
15873
15124
15365
15849
15850
15859
15854
15853
15852
15851
15858
15857
15856
15855
15848
15847
10572
15839
15838
15837
8933
15840
12145
10565
15906
15905
15909
15908
15907
15914
15913
6318
15912
15911
15910
14474
15288
15904
15902
15901
10901
10900
15894
15893
15898
15897
15896
15895
15899
15986
15985
13123
15984
15983
15989
15988
15987
15990
7800
10620
7796
7795
7798
10764
15982
15981
15980
3085
10597
15975
15974
7947
15979
15978
15977
15976
8015
15949
15948
15947
11147
15959
15958
3047
15953
15952
15951
15950
15957
15956
15955
15954
15960
15964
15963
15962
15961
13154
15942
15941
15940
15946
15945
15944
15943
13275
15939
2613
15938
15937
15936
15935
15934
15933
13782
15928
15927
15929
15931
15930
15932
15926
15925
11078
15920
15924
15922
15921
2644
15969
15968
15967
15966
3418
15965
15971
15970
14248
15972
7509
13633
16002
16030
6948
11438
16022
16026
16025
16024
16023
16029
16028
16027
16011
16010
16015
16014
16013
16012
13180
16019
16018
16016
16021
3190
16020
11158
16009
11265
16004
16003
16001
2832
16008
16007
16006
16005
11358
7446
8068
16000
15997
15996
15999
15998
13167
15993
15992
15991
13345
16073
16072
16071
16070
11247
16069
15822
16066
16065
16064
16067
16063
16062
16061
13121
13122
13120
13125
13124
13109
13107
13108
13106
13110
13111
13114
13115
13112
13113
13118
13119
13116
13117
13659
16055
16054
16053
7741
16059
16058
16057
16056
3697
11204
16060
10202
13089
10374
13095
13093
13094
13091
13090
7527
10392
16052
16051
7349
5685
11326
13084
13086
7750
16050
13073
13074
13072
13077
13078
13075
13076
13079
16044
16043
16042
16048
16047
16046
16045
16039
16040
13160
13151
6740
6784
13155
13152
13153
13158
13159
13157
13127
13132
13133
13130
13131
7051
13136
13137
13134
13135
13138
13139
13140
13144
13141
13142
7644
11421
13224
13225
13223
13228
13229
13226
13227
13231
13230
11416
6766
13222
12620
13219
13217
13218
13216
13220
11240
3102
16114
16113
16112
16111
16118
16117
16116
16115
16119
16121
16120
3089
10693
6820
13213
13214
9944
13212
13215
7113
13208
13209
13202
13203
13200
13201
13206
13207
13204
13205
13210
13183
13184
13181
13182
13187
13188
13186
13189
13194
13195
13192
13193
13198
13199
13196
13197
13190
13191
3163
9833
3134
9829
16099
16098
16097
3138
9836
9834
16103
16102
7556
16101
16100
3149
3146
16107
16106
16105
16104
16108
13179
10554
10849
16095
16094
13162
13165
13166
13163
13164
13169
13172
13173
13171
13177
13174
13175
13178
10165
16091
16090
16093
16092
13161
16077
16076
16075
16074
16079
16078
6905
16088
16087
16086
16085
16089
16080
16084
16082
16081
13902
14436
7321
13232
11193
13339
13340
13320
13329
13323
13324
11146
13321
13322
13327
13328
13325
13326
13330
13331
13334
13335
13333
13338
13336
13337
13309
13307
13308
13305
13306
13319
13312
13313
13310
13311
13316
13317
13314
13315
6830
3528
13282
13283
13286
13287
13284
13285
3930
11445
13280
13276
13277
13278
13269
13271
13272
13270
13273
13274
7643
8267
13268
13267
13242
13243
13240
13241
13246
13247
13244
13245
13248
13249
13250
13253
13254
13251
13252
8934
13257
13258
11553
13255
13256
13259
13260
13261
13262
13263
13235
13236
13233
13234
13239
13237
13238
10125
10130
10139
10131
10136
10135
10138
10137
10141
10140
10143
10145
10144
10147
10146
10149
10148
10150
10152
10151
10154
10153
10156
10155
10158
10157
10159
10129
10128
6699
10170
10172
10171
10174
10173
6962
3537
6649
10161
10160
10162
10164
10167
10166
10169
10168
10185
10187
10186
10189
10188
10190
10191
10192
10193
10195
10198
10199
10206
10205
10207
10200
10201
10204
10203
10217
10216
10218
10211
10210
10213
10212
10215
10222
10221
10223
10225
10208
10227
10239
10238
10230
10232
10235
10234
10236
10240
10242
10241
10243
10246
10245
10247
13293
13294
13297
13298
13295
13296
13299
13301
13302
13300
13304
7994
7995
10249
13409
11587
13411
13410
11510
13400
13401
11234
7387
13396
13397
8043
13398
13399
13394
13395
13389
13387
13388
13392
13390
13391
13379
13382
13380
13385
13386
13383
13384
8930
11021
13375
13376
13377
13367
13368
13365
13366
13369
13370
13371
13374
13372
13373
7507
13360
13363
13364
13361
6705
13357
13358
13359
7302
7814
13352
13353
13356
7821
13354
13355
10251
10250
10253
10252
10255
10254
10257
10256
10259
10258
10260
10262
10261
10264
10263
10266
10265
10268
10267
10269
10271
10270
10273
10272
7262
10275
10274
10277
10276
10279
10278
10280
10282
10281
6883
13341
13342
13346
13343
13344
13349
13348
13350
3234
10299
10305
10304
10307
10308
10301
10300
10303
10302
10311
10315
10312
10314
10313
6601
10319
10321
10323
10322
10324
9831
8262
10326
10328
10325
10330
7393
10329
13497
18730
16437
8327
10894
13978
3
8320
8326
2772
18726
18727
18728
18729
13679
13677
18725
13451
13452
13450
13455
13456
13453
13448
13449
13446
13447
13444
13445
13440
13441
13442
13443
13439
13434
13437
13438
7897
13430
13433
13432
10372
10371
10338
10337
10339
10373
10332
10376
10331
10375
10334
10377
10336
10335
10349
10348
10341
10340
10343
10342
10345
10344
10347
10346
10350
10359
10352
10354
10353
10356
10355
10357
6588
10361
10360
10362
10365
10364
10366
10369
10368
10652
13419
13418
13428
13429
13422
13423
13420
13421
13426
13427
13424
13425
10378
10379
10380
10383
10382
10384
10387
10386
10388
10391
3733
11517
13412
13413
13414
7423
10393
10396
10395
10397
10400
7678
4724
10410
10404
10406
10405
10408
10409
10402
10411
10415
10414
10417
10416
10419
10413
10426
10425
10427
10420
10422
10424
7812
10437
10436
10439
10438
10431
10433
10432
10434
10440
10451
10450
10452
2795
10448
10447
10442
10441
10444
10443
10446
10445
10458
10453
10455
10457
10456
7797
13554
13555
4461
13547
13548
13550
13551
13552
13553
13543
13544
13541
13542
13545
13540
10729
13538
3567
13536
13537
13534
13535
13532
13533
13530
13531
10459
13527
13528
13521
13522
13520
13525
13523
13524
11512
13518
13519
13517
13514
10176
10469
10461
10464
10463
10466
10465
10467
13513
10471
10470
10473
10472
10475
10474
10476
4119
13499
13507
13508
13505
13506
13509
13500
13504
13501
13502
13510
13511
13512
10490
10493
10492
10495
10494
10497
10499
10498
3834
10503
10502
10505
10504
10507
10506
7329
10501
10482
2732
10484
10483
10486
10485
10488
3943
10487
10489
10509
10508
10514
10513
10510
10512
10511
10520
10523
10525
13607
13608
13609
10971
13610
13606
13605
13604
13602
13601
6876
10970
11268
13584
11646
13587
13585
13586
13589
13590
13591
13594
13595
13592
13593
13598
13599
13596
13597
13539
13579
13580
13583
13581
13582
11056
10536
10538
10539
10530
10532
10531
10534
10533
10541
10540
10527
10526
10529
10528
10546
10543
10542
10545
10544
13566
13567
13568
10547
10557
10559
10550
10551
10553
10561
10560
10562
4097
8931
10570
10579
10571
10574
10576
10575
10578
10577
10581
10580
10568
10563
10567
10566
13561
13562
13560
7377
12612
11571
13559
13556
13557
10584
10587
10586
10588
10589
10590
10592
10591
10594
10593
10595
10598
10599
10602
10601
10604
10603
10606
10605
10607
10600
10609
10614
10616
10610
6911
10619
11181
13665
13668
13666
13667
13671
13670
13648
13649
11948
13646
13653
13654
13652
13657
13655
13656
6405
8176
13642
13643
13640
13641
13644
13639
13637
13638
13635
13636
13634
10624
10623
10629
10635
10634
10637
10636
10638
10631
10630
10633
10632
10641
11237
13632
10987
5055
2741
2734
4015
3720
10646
10645
10648
10647
10649
10642
10644
10643
8929
8921
13617
13618
13615
13616
13619
13613
13614
13611
13612
13628
13629
13626
13627
13620
13625
13623
13631
13630
10657
10656
10651
10653
10655
10654
10660
10661
7745
10662
10664
10671
10670
13727
13728
13726
6811
13725
13723
13724
13721
13722
11010
13717
13715
13718
13719
7287
13712
13713
13710
10673
10674
10676
10679
10678
10680
3077
10682
10681
13705
13706
13704
13707
13708
13145
13686
13687
13688
13689
13690
13693
13694
13691
13697
13698
13695
13696
13699
13703
13701
11971
10690
10689
10688
10687
48
13682
7003
13683
13680
13681
13684
13685
2756
7925
11159
11372
13675
13676
13673
13674
13678
7316
10695
10694
10697
10696
10699
10698
10701
10700
10703
10702
10705
10704
10707
10706
10709
10708
10711
10710
10712
10714
10713
10715
10716
10718
10734
10730
10732
10736
10739
10741
13731
13734
13732
13733
6862
10745
10744
10747
10746
10749
10743
10756
10755
10758
10757
10750
10752
10751
10754
10767
10761
10760
10763
10762
10765
13730
10777
10770
10772
10773
10776
10775
7924
7357
10769
10778
10779
10781
10780
10783
10782
10797
10800
10801
10804
10803
10806
10805
10809
1932
10811
10810
6530
10821
6531
6533
6532
6537
6538
10822
10823
10824
10826
10825
6551
6550
6552
3558
3556
6546
6545
6548
6549
10828
3723
10829
10832
10835
10834
9717
10831
10830
3421
7428
7903
6553
6555
6560
6561
6557
6559
10838
10844
10843
10840
10842
10841
6564
6563
6566
6565
6568
10850
6729
8403
10846
10845
6573
6572
6574
6577
6569
6579
6578
6589
6584
6586
6587
6580
6592
6591
6590
10853
10852
10855
10854
10856
10858
2954
10860
10861
3039
10877
10871
10872
10875
10874
10880
10882
10881
10884
10886
6593
6595
6596
6599
6610
6609
6603
6604
6607
6606
6613
6616
6617
6630
6632
6623
6622
6625
6624
6628
6634
6636
6637
2924
10899
10898
6641
6640
6643
6642
6638
6639
6644
10903
10905
10904
6645
6646
8216
10907
10906
10909
10908
10911
10913
10916
10915
6647
10919
10921
10920
10923
10922
10924
6670
6672
6671
6674
6673
6675
3512
6666
6669
6668
6652
6651
6654
6653
6661
6660
6663
6662
6665
6664
6656
6655
6657
6659
6681
6683
6682
6684
6686
6679
6688
6692
6691
6694
6695
6689
3794
6707
6702
6701
6704
6706
6720
6719
6718
6711
6712
6715
6717
6716
6696
6744
6746
6745
6741
6735
6734
6737
6736
6738
6751
6753
6752
6747
6749
6754
6763
6757
6775
6774
6768
6767
6781
6779
6778
6791
6788
6787
6782
6783
6786
6797
6821
6822
6799
6807
6806
6809
6808
6801
6800
6803
6802
6805
6804
6817
6810
6814
6813
6815
6829
6825
6827
6826
6832
6831
3987
6841
6840
6839
6838
6843
6842
6844
6846
6849
6848
2810
6851
6854
6853
6855
6864
6867
6868
6861
6860
6863
6858
6870
6872
6871
6874
6873
6881
6880
6882
6884
6878
6877
6879
43
2904
6904
6885
6890
6892
6891
6894
6893
6896
6895
6886
6889
6888
6898
6897
6899
6908
6907
6909
6916
6919
6918
6913
6912
6915
3412
6922
6921
6942
6941
6944
6943
6928
6927
6929
6924
6923
6925
6938
6931
6933
6932
6935
6934
6937
6936
6953
6955
6954
6956
6991
6993
6992
6986
6985
6988
6987
6989
22
6971
6970
6973
6972
6964
6963
6966
6965
6968
6967
6969
6980
6982
6981
6984
6975
6974
6977
6976
6979
6978
3885
7009
7011
7010
7012
7014
7017
7016
3527
7022
7024
7026
7025
7028
7027
7020
7019
7018
7033
7032
7035
7034
7037
7036
7031
7030
3862
3506
7043
7046
7045
7058
7050
7053
7052
7066
7065
7067
7062
7064
7063
7070
2933
7072
7075
11107
3513
18737
18738
18739
18734
18735
18736
18740
18741
18742
18743
18744
13754
7080
7082
7087
7089
7085
4462
7090
7093
7092
7095
7094
4469
3389
7098
7102
7105
7104
7110
7107
7106
7109
7108
7118
7112
7114
7116
7121
7120
7125
7127
2900
7132
7131
7134
7135
7138
7141
7139
7143
7144
7149
7154
7153
7156
7150
7165
7164
7166
7169
7168
7161
7163
7162
7176
7172
7171
7174
7173
7158
7178
7186
7189
7181
7182
7184
7192
7193
7195
7242
7241
7200
7202
7204
7203
7240
7239
7238
4722
7210
7213
7212
7215
7206
7205
7208
7207
7209
7220
7222
7221
7223
7226
7225
7217
7216
7218
7198
7231
7197
7230
7232
7235
7234
7236
7196
7228
7229
7244
7246
7245
7247
7253
7255
7254
7257
7251
7250
7258
7263
7267
7269
7270
7285
7288
7289
7280
7282
7284
7291
7275
7277
7278
7271
7273
7272
7315
7317
7297
7296
7299
7298
7293
7295
7294
7300
7303
7310
7311
7314
7313
7305
7304
7307
7306
7309
7308
7320
7319
7332
7336
7335
7338
7337
7339
7341
7342
7345
7344
7346
7350
7351
7353
7363
7362
7365
7364
7367
7366
7369
7368
7373
7370
7372
7371
7378
7385
7384
7388
7381
7383
7400
7402
7401
7403
7398
7397
7392
7391
7394
7405
7410
7408
7413
7412
3564
7417
7416
7418
7420
7422
7421
7440
7437
7436
7439
7438
7424
7430
7432
7435
7425
7427
7429
7441
7444
7443
7447
7451
7450
7453
7455
7454
7460
7459
7458
7461
7462
7464
7463
13960
16136
16135
16134
16137
8280
4114
16125
16124
11635
16129
16128
16126
16132
16131
16130
16133
13956
16176
16175
16174
16173
16179
16178
16177
16172
16171
16170
15134
16180
16169
16158
16157
16156
16159
16165
16164
16163
16162
16168
16167
16166
16161
16160
7615
2804
16154
16153
16155
14455
16152
16151
16150
11024
16143
16142
16141
16147
16146
16145
16144
16149
16148
16140
11501
16139
16138
13890
16209
16210
16208
16207
3185
16198
16197
16196
16195
16199
16190
16194
16193
16192
16191
16202
16201
16200
13857
16205
16204
16203
14624
7977
16187
16186
16185
16184
16189
16188
16183
16182
16181
14169
16231
16230
16235
16234
16233
16232
16239
16237
16236
16242
16241
16240
16246
16245
16244
16243
11878
11877
16249
16248
16247
11874
16253
16252
16251
16250
16257
16256
16255
16254
16259
16258
15845
16229
8103
7753
16319
16318
16317
16323
16322
16321
16320
16327
16326
16325
16329
16328
16330
16334
16332
16331
16335
3539
14361
10889
13953
16316
16315
16314
16313
16275
16274
16279
16312
16278
16311
16277
16310
16276
16286
16285
16284
16283
16289
16288
16287
16282
16281
16280
16297
16296
16295
16294
16299
16298
16293
16292
16291
16290
14084
16301
16300
16305
16304
16303
16302
16309
16308
16307
16306
16273
16271
16270
14108
8948
16264
16263
16262
16261
16268
16267
16266
16265
16260
16269
16356
16359
16358
16357
15548
16360
9952
16355
16354
7934
16352
16351
16353
11244
11241
16350
8174
16338
16337
16336
16339
16341
16340
16345
16344
16343
16342
10722
16349
16348
16347
16346
16384
16383
16381
16378
16379
8249
8246
16380
16367
16366
16365
16369
16368
16374
16373
16372
16371
16377
16376
16375
16370
8404
16363
16362
6996
16394
16393
16392
16391
13904
16389
16388
16385
16387
16386
9943
16415
16414
16411
14443
14444
16409
16410
11695
16404
16408
16407
16406
16405
16432
3365
16430
10978
2951
16422
14121
16426
16425
16424
16423
16429
16428
16419
16418
16417
5052
16421
16420
11229
12298
16416
14301
16451
16450
16455
16454
16453
16452
16459
16458
16457
16456
16462
16461
16460
16466
16465
16464
16463
16469
16468
16467
16448
16447
16446
16445
16449
16444
16443
16442
3858
10890
16439
16438
16440
16441
11609
11608
4086
11614
3826
11613
13478
11612
8182
16499
16498
16500
16495
16494
16493
16492
16496
16491
16490
3355
16569
16572
16571
16570
16576
16575
16574
16573
16579
16578
16577
16583
16582
16581
16580
16584
16535
16534
16529
16532
16531
16530
11487
16533
16524
14600
16510
13923
16519
16514
16513
16512
16511
16518
16517
16516
16515
16521
16520
16523
16522
15729
16509
16508
14004
16507
16506
16505
16504
7634
16503
16502
15821
16565
16566
14601
16559
16561
16560
16564
16563
16562
11023
16646
16649
8936
16648
16647
16653
16652
16651
16650
16657
16656
7857
16655
16654
16659
16658
16660
16625
16609
16608
16607
16619
16618
16613
16612
16611
16610
16617
16616
16615
16614
16620
16624
16623
11333
16622
16621
16606
16599
3910
3911
3912
16602
16601
16600
16605
3922
16604
16603
3907
3909
16594
16593
16592
16591
16598
16597
16596
16590
16587
16586
16589
16588
16585
16631
16630
16635
16634
16633
16632
16639
16638
16637
16636
13491
16642
16641
16640
16645
16644
16643
10820
11483
16629
16628
16627
16626
16693
11082
16692
16691
16690
16679
16678
16682
16681
16680
16686
16685
16684
16683
16689
16688
16687
13742
13738
16675
16677
16676
15128
13737
16671
16670
16674
16673
16672
16669
13735
8363
16667
13736
12911
16665
8251
16664
16663
16662
16661
3825
7908
13752
13753
13750
13751
13755
13749
13830
13831
13804
13805
13802
13803
13808
13809
13806
13807
13800
13801
13815
13813
13814
13817
13818
13811
13812
13810
13826
13827
13824
13825
13828
13829
13822
13823
13820
13821
7472
13792
11370
13793
13790
13791
13796
13797
13794
13795
13798
13799
16723
16724
16722
16721
16720
13778
13779
13769
13767
13768
13770
13771
13774
13775
13772
13773
13776
7728
13777
16719
16718
16717
16716
16715
13764
13765
13766
10988
13760
13761
13762
10184
3765
7736
13758
13759
13756
16712
16711
16710
16714
16713
8876
16708
16707
16706
16701
16700
16705
16704
16703
16702
16699
16698
3682
13840
13841
7911
13839
13838
3949
13925
13926
13924
13927
13921
13922
13920
13932
13930
13931
13914
13912
13918
13919
13916
13917
13901
13900
13880
13881
13884
13885
13883
13889
13886
13887
13892
4080
8341
13868
13869
13866
13867
13865
13870
13873
13874
13871
13872
13877
13878
13875
13876
13862
13863
13860
13861
13864
13859
13858
13855
13856
13848
13849
3727
13851
13852
13850
13853
13844
13842
13843
8309
10928
10932
10934
10933
10936
10935
10938
10930
10939
10942
10941
10940
10925
10927
10926
10954
10953
10958
10957
10952
2974
10959
10960
10962
13907
13908
13905
13906
7675
13909
13910
13911
10965
10966
8130
10972
10968
10976
10975
10977
10979
10974
10981
10980
10982
10986
10983
10985
10984
13969
13967
13968
13970
13959
13947
13948
13949
13958
13957
13951
13954
13955
13952
13946
13945
13944
13936
13937
13934
13938
11434
11511
13933
13940
13943
13941
13942
10990
10994
10993
10996
10995
8348
10998
10999
11001
11003
11002
11005
11004
11009
11008
11007
11012
11011
11014
11013
11016
11015
11017
13966
13964
11031
14057
14058
14059
14061
14062
14060
14056
14054
14055
7705
14053
14050
14051
3850
14045
14046
14044
14047
14048
14038
14039
14036
14037
14041
14042
14040
14013
14016
14017
14014
14015
14018
14019
14020
14023
14024
14021
14022
14027
14028
14025
14026
14029
14030
14031
14034
14032
14033
14012
14011
14010
14001
14002
14000
14005
14006
14003
14009
13999
14007
14008
13994
11032
13989
13983
13984
13981
13982
13987
13985
13986
13990
13992
13993
11034
11033
11036
11035
11037
11039
11041
11040
11043
11045
11044
11047
11046
11048
10479
11051
11053
11065
11068
11072
11073
11075
11081
11085
7521
11108
11109
11100
11102
11101
11104
11106
11105
11118
11111
11110
11113
11112
11115
11114
11117
11116
11086
11089
11092
11091
11093
11096
11095
11098
11097
11090
11099
11119
11120
11121
11129
11123
11125
11127
11130
11140
11142
11141
11144
11143
11145
11148
11149
11151
11150
11153
11152
8278
11133
11132
11135
11134
11137
11136
11138
14122
14109
14106
14107
14111
14112
14110
14115
14116
14113
14114
14119
14117
14118
14120
14097
11423
3098
11552
14094
14092
14093
14090
14091
3439
2999
14075
14072
14073
14078
14079
14076
14077
14071
14085
14086
14083
14089
14087
14088
14081
14082
14080
3925
14070
14063
14064
14067
14068
14066
14069
12546
11154
11156
11160
11162
11161
11164
11163
11165
3914
3955
11166
11168
11167
11169
3978
11171
11173
11172
11175
11174
7708
11176
11180
11182
11178
11184
11183
11185
9715
7625
4056
11188
11187
11189
11190
11192
11195
11194
11197
11196
11199
11198
7481
2674
11201
11203
11210
11220
11222
11224
11218
11225
11227
11226
3545
14193
14192
14184
14188
14189
14186
14187
14191
14190
11323
14173
14174
14171
14172
14177
14178
14175
14176
14170
14179
14182
14183
14180
14181
14155
14156
14154
14159
14157
14158
14162
14163
14160
14161
14166
14167
14164
14165
14168
13458
14152
14149
14151
14150
8178
14137
14138
14136
14139
14140
14141
14144
14145
14142
14143
14148
14146
14147
4077
11231
11233
11235
8104
11239
11238
11243
11242
7945
11245
11246
11248
11250
11251
14130
14133
14134
14131
14132
8354
14123
14126
14127
14125
14129
11254
11255
11274
11273
11275
8192
11282
11285
11284
11287
11286
11289
11288
11290
11300
8384
11292
11291
11293
11296
11295
11298
11297
11299
2807
14243
14244
14242
14238
14240
14241
13729
11280
14233
14236
14237
14234
14235
10893
14225
14224
14229
14227
14228
11360
14232
14231
11716
14218
14219
14220
11302
11301
14210
14211
14214
14215
14212
13289
14213
14216
14217
14209
11306
11305
11308
11307
11304
11303
11317
11319
11318
11311
11310
11313
11312
11315
11314
11320
11322
11321
11055
14204
14207
14205
14206
11328
11327
11324
11325
14202
11329
7804
14195
14196
14194
14199
14197
14198
14201
11330
11332
11334
11340
11349
11342
11341
11344
11343
11346
11345
11348
11347
11351
11350
11339
11338
11337
11336
11380
11382
11381
11384
11383
11386
11388
11387
11389
11391
11390
8164
5051
11392
11395
11394
11397
11399
11398
11400
14304
14305
14298
14299
14297
14302
14300
14294
14295
14292
14293
14296
7522
14290
14291
14284
14287
14288
7512
14285
14289
14269
14267
14268
11405
11404
11407
11406
11409
11408
11365
11403
11402
11410
11411
11422
11415
11418
11417
11419
11414
12915
14265
14266
14264
11427
11426
11429
11428
7799
11425
11424
11437
11439
11430
11432
11431
11433
11436
11435
11441
11440
2898
11449
11448
11443
11444
11447
11446
11450
11451
11454
11453
14259
14261
14262
14260
14263
14250
14251
14255
14252
14253
14258
14256
14257
14247
14246
14249
11461
11462
11459
11456
11458
11457
11467
11466
11468
7692
8026
11469
11470
11472
11471
11473
3379
11476
11478
11479
11481
3815
14331
14332
14330
14335
14333
14334
3953
14310
14319
14313
14314
14311
14312
14315
14316
14320
14321
14325
14322
14323
14328
14329
14326
14327
11498
11500
10668
2780
11499
11504
11503
11508
11507
11509
11514
11513
2965
3663
11519
11518
11540
11542
11541
11543
11546
11545
11526
11525
11528
11527
11522
11521
11524
11523
11537
11536
11539
11538
11531
11530
11533
11532
11535
11534
11547
11549
11551
11555
11554
11556
3882
11559
11558
11557
11560
11569
11562
11561
11564
11563
11566
11565
11568
11567
11570
7484
7483
7486
7485
7487
7489
7480
7482
7495
7494
7497
7496
7498
7491
7490
3521
7466
7465
7467
7473
7475
7474
7477
7479
7478
7471
7469
11575
11574
11577
11576
11578
7499
11579
7501
11580
9941
7503
11582
11584
11583
7504
11588
7520
7513
7515
7518
7517
7519
7511
7523
7531
7534
7524
7526
7529
7528
7541
7543
7542
7544
7536
7535
7538
7537
7539
7550
7552
7551
7554
7553
7555
7547
7546
7549
7548
7561
7560
7563
7562
7564
7567
7600
7566
7558
7557
7559
7572
7571
7574
7573
7576
7575
7578
7570
7569
7602
7568
7601
7603
7583
7582
7585
7584
7587
7586
7589
7588
7581
7580
7579
7594
7593
7596
7595
7598
7597
7599
7590
7592
7591
7611
7610
7609
7604
7606
7605
7608
7607
7612
11593
11594
11595
11597
11596
11624
11627
11626
11621
11620
11622
11605
11606
11616
11615
11618
11617
11619
11610
7620
7622
7621
7613
7614
7617
7616
7618
7631
7630
7633
7632
7624
7628
7627
7629
11629
11628
11637
11639
11632
11634
11633
11641
11643
11644
7640
7635
2953
11669
11668
11661
11660
11663
11662
11665
11664
11666
11670
11679
11672
11671
11674
11673
11675
11678
11677
11681
11680
11647
11649
11648
11683
11645
11658
11657
11659
11650
11651
11654
11653
11656
7641
7653
7652
7654
7646
7645
7648
7647
11684
11686
7659
7658
11702
11701
11700
2798
11687
11689
11688
11690
11692
11691
11694
11693
11696
11698
11697
11699
7662
7664
7666
7671
7670
7673
7672
7676
7668
7669
11703
3998
3900
7681
5102
7680
7679
3189
7677
7682
7684
7683
7686
7688
7687
7693
7697
7696
7699
7698
7691
7690
7689
7701
7703
7702
7713
7710
7709
7721
7720
3045
7719
7714
7716
7715
7718
7717
7725
7740
7735
7737
7739
7752
7751
7747
7746
7749
7748
7778
7779
7808
7807
7809
7801
7803
7806
7805
7794
7793
7820
7819
7811
7813
7815
7817
7816
4717
7829
7824
7823
7825
7828
7827
7840
7842
7841
7836
7839
7851
7850
7853
7852
7844
7843
7845
7848
7847
7849
3062
7855
7854
7856
7860
7859
7858
7861
7863
7866
7867
7870
7873
7872
7875
7880
7876
7879
7882
7881
7883
7886
7891
7890
7893
7892
7894
7896
7889
7899
7901
7905
7904
7910
7912
7907
7909
7919
7914
7913
7916
7915
7921
7920
7923
20
7926
2761
7928
7939
7932
7931
7933
7936
7938
7940
7943
7942
7944
7961
7960
7962
7953
7956
7957
7959
7970
7972
7971
7974
7973
7965
7964
7967
7966
7969
7968
7980
7983
7982
7985
7984
7976
7975
7978
7979
7990
7992
7991
7950
7993
7952
7951
7987
7986
7989
7988
7949
7948
7998
7997
7999
8009
8003
8000
8001
8006
8007
7996
8004
8005
8018
8024
8022
8023
8025
8028
8029
8035
8036
8033
8034
8039
8037
8038
8031
8032
8030
8040
8041
4059
8046
8044
8045
8049
8057
8058
8055
8056
8059
8060
8061
8064
8062
8063
8066
8070
8094
8091
8092
8097
8095
8096
8090
8079
8078
8075
8073
2922
8088
8089
8082
8083
8080
8086
8087
8084
8085
8099
8098
8101
8100
8105
8106
8107
3589
8129
8112
8113
8116
8117
8115
8124
8127
8145
8146
8143
8144
8147
8148
8142
8153
8151
8156
8154
8170
8157
8158
8167
8168
8165
8166
8169
3199
8172
8179
8177
8175
3838
8189
8187
8181
8180
8185
8186
8183
8184
8190
8193
8191
8196
8197
8194
8195
8198
8211
8212
8213
8208
8209
8206
3875
8207
8222
8220
8221
8226
8227
8224
8225
8219
8217
8218
8199
8200
8204
8205
8202
8203
8233
8237
8238
8235
8236
8228
8240
8241
8243
8255
8256
8253
8257
8252
8250
8260
8248
3820
8265
8268
8269
8263
8276
8279
8273
8271
8272
8288
8289
8281
8285
8299
8297
8295
8296
8300
8301
8302
8307
8305
8306
2615
8310
8315
8318
8316
8317
2623
2620
18745
10289
2635
2631
8330
8337
8334
8335
8343
8342
8345
8346
8338
8339
8321
8325
8319
3864
2650
2647
2649
2648
2651
8355
8352
8353
8349
2662
2658
2656
2683
2682
2680
2694
2692
2690
2689
2687
2685
2696
8357
2701
2709
2707
2706
2705
2703
2713
2712
2710
2719
2718
2717
2714
2724
2722
2729
2728
2727
2726
2725
2733
2731
2697
2730
2740
2748
2739
2737
2736
2760
2755
2754
2752
2751
2759
2758
2770
2768
2767
2766
2764
2762
2779
2777
2776
2773
2793
8358
8362
8366
8367
8368
8376
8377
8374
8379
8373
8370
3401
8385
8381
8382
2822
2827
2826
2825
2812
2819
2814
8387
8388
8389
2849
2860
2856
8413
8414
8411
8412
8417
8415
8416
3904
2870
2867
2866
2865
2863
2862
2868
2881
2880
2878
2877
2876
2875
2874
2872
2879
2892
2891
2890
2889
2888
2887
2886
2885
2884
2883
2882
2897
2895
2908
2911
2918
2917
2912
2920
2929
2928
2926
2925
2932
2943
2942
2949
2948
2947
2946
2950
2958
2957
1925
2968
2979
2985
2989
2991
3002
3000
3013
3010
2998
3009
2997
3008
2996
3007
2995
3006
2994
3005
2993
2992
3023
3022
3021
3020
3018
3017
3016
3015
3014
3044
3042
3038
3037
3035
3031
3025
3055
3052
3048
3066
3064
3061
3059
3072
3091
3096
3122
3120
3118
3115
3113
3099
3111
3103
3167
3166
3165
3162
3161
3160
3159
3157
3170
3168
3144
3143
3142
3141
3140
3139
3137
3136
3135
3155
3154
3153
3152
3151
3150
3148
3175
3174
3172
3181
3180
3182
3192
3243
3241
16803
3251
3263
3262
3261
3256
3265
3274
3271
3268
3284
3283
3278
3297
3276
3312
3305
3301
3309
16729
16728
16726
16725
16730
16739
16734
16733
16732
16731
16738
16737
16736
16735
3315
3325
3323
3331
3329
3363
3361
3359
3358
3356
3366
3343
3342
3339
3337
3336
3353
3350
3348
3345
3344
3374
3372
3368
16792
16791
16790
16796
16795
16794
16793
16799
16798
16797
6307
16800
16802
16801
16789
16788
8418
16785
16787
16778
16779
16781
16780
16784
16783
16782
8873
16777
16763
16762
16761
16760
16767
16766
16764
16769
16768
16770
16774
16773
16772
16771
16776
16775
14515
4481
16759
16758
16752
16750
16756
16755
16754
16753
16757
6404
16741
16740
16745
16744
16743
16749
16748
16747
16746
3385
3381
3380
3390
3395
3394
3388
3402
3406
3409
3408
3410
3419
3424
3423
16808
16807
16806
16805
16809
16810
4719
3437
3452
3450
3446
16804
3463
3457
3479
3496
3493
3492
16871
16870
16869
16868
16859
16858
16857
16862
16861
16860
16866
16865
16864
16863
16867
16849
16848
16847
16846
11875
16845
16851
16850
16855
16854
16853
16852
16856
16840
16844
16843
16842
16841
16839
16838
16837
16833
16836
16835
16834
4455
16832
3559
3555
3553
3566
3565
3550
3547
3544
3574
3579
3578
3599
3597
3604
3600
3608
3607
3606
3605
3582
3610
3596
3595
3594
3592
3591
3615
3612
1174
3623
16873
16872
16877
16876
16435
16875
16874
16879
16878
16880
16884
16883
16882
16881
16888
16887
16886
16885
3671
3668
3669
3698
3699
3701
16910
16914
16913
16912
16911
16899
16898
16897
16907
16906
16905
16904
16909
16908
16903
16902
16901
16900
16896
16895
16894
16893
16892
16889
16890
3726
3728
3736
3759
3751
3752
3755
3761
3762
3764
3766
3772
16918
16917
16916
3773
3783
3784
3786
3787
16915
16951
16949
16948
16947
16939
16938
16940
16937
16936
16935
16934
16919
16929
16928
16927
16926
16921
16925
16924
16923
16922
16932
16931
16930
16933
3803
3804
3808
3801
3802
3814
3816
3818
3811
3813
3821
3824
3836
3839
3831
3835
3847
3848
3849
3841
3842
3843
3844
3845
3846
3851
3852
3853
3829
3880
3872
3879
3883
3860
3855
3857
3869
3867
3891
3887
3894
3895
3899
3913
3917
3918
3924
3926
3923
3908
3932
3933
3935
3936
3937
3939
3942
17007
16976
16975
16974
16961
16960
16965
16964
16963
16962
16969
16968
16967
16966
16972
16971
16973
16959
16954
16953
16958
16957
16956
16955
11281
17057
17058
17059
17053
17054
17055
17056
14347
17068
14350
17069
14353
17064
17065
17066
17060
17061
17062
17063
14355
14356
17071
17072
17073
17074
17070
17046
17047
17049
17042
17043
17044
17045
17040
17041
17013
17014
17015
17016
17011
17012
17050
17051
17052
17017
17018
17019
17024
17025
17026
17027
17020
17021
17022
17023
17028
17029
17035
17036
17037
17038
17031
17032
17033
17034
17030
17039
17010
17008
17009
3957
3958
3959
3950
3952
3954
3970
3968
3969
3960
3961
3962
3963
3964
3965
3967
3980
3979
3971
3972
3973
3974
3975
3976
3977
3947
3983
3984
3994
3996
3990
3986
3989
4010
4011
4012
4013
4005
4006
4007
4008
4009
4020
4000
4001
4016
4017
4018
4019
4023
4030
4033
4034
4040
4041
4042
4052
4054
4055
4057
4050
4048
4046
4063
4065
4066
4060
4061
4070
4071
4072
4076
4098
4106
17137
17139
17141
17142
17140
17123
17124
17125
17126
17120
17121
17122
17127
17128
17129
17134
17135
17136
17097
17130
17098
17131
17099
17132
17133
17095
17096
17101
17102
17103
17104
17100
17109
17105
17106
17107
17108
17112
17113
17114
17115
17110
17111
17116
17117
17118
17119
3517
7730
17091
17092
17086
17087
17088
17089
17082
17083
17084
17085
17081
17090
17080
17079
17077
17078
17167
17168
17169
17163
17164
17165
17166
17160
17161
17162
17156
17157
17158
17159
17153
17154
17155
17170
17171
17172
17148
17149
17152
17150
17151
17145
17146
17147
17143
17144
17234
17235
17236
17237
17238
17225
17226
17227
17228
17229
17233
17230
17231
17232
17208
17209
17207
17211
17212
17213
17214
17210
17219
11871
17215
17216
17217
17218
17222
17223
17224
17220
17205
17206
17200
17201
17202
17203
17204
16527
17196
17197
17198
17199
17192
17193
17194
17195
17185
17186
17187
17188
17181
17182
17183
17184
17180
17190
17191
17178
17179
17174
17175
17176
17177
17173
17280
17281
17277
17278
17279
17275
17276
17273
17274
17270
17271
17272
17244
17245
17246
17247
17240
17241
17242
17243
17248
17249
17255
17256
17257
17258
17251
17252
17253
17254
17250
17259
17266
17267
17268
17269
17262
17263
17264
17265
17260
17261
17239
17321
17322
17323
17324
17320
11272
11603
17307
17304
17305
17306
17299
17295
17296
17297
17298
17300
17301
17302
17303
17291
17292
17293
17288
17289
17287
17290
10023
17284
17285
17286
17283
17329
17326
17327
17328
3655
17442
17443
17444
17445
17440
17441
17446
17447
17448
17449
17453
17454
17455
17456
17450
17451
17452
17457
17458
17459
17460
17461
17462
7733
17439
17438
17428
17429
17424
17425
17426
17427
17431
17432
17433
17434
17430
17435
17436
17437
17411
17412
17417
17418
17419
17413
17414
17415
17416
17420
17421
17422
17423
17400
17401
17406
17407
17408
17409
17402
17403
17404
17405
17410
14391
17398
17399
4681
14346
14344
14345
14339
14342
14340
14341
17379
17387
17388
17389
17383
17384
17385
17386
17380
17381
17382
17313
17394
17395
17390
17391
17392
17393
17376
17372
17373
17374
17375
17365
17366
17367
17368
17361
17362
17363
17364
17360
17369
17333
17334
17335
17370
17371
17336
17337
17338
17339
17343
17344
17345
17346
17340
17341
17342
17347
17348
17349
17354
17355
17356
17357
17350
17351
17352
17353
17358
17359
17332
17330
14371
14372
14370
14375
14376
14373
14374
14360
14364
14365
14363
14367
14348
14349
14354
14351
14357
14358
10016
10020
17477
14410
16995
14280
17475
17476
17473
17474
14393
14394
14392
14397
14398
14396
14399
14401
14400
17471
17472
14386
14387
14388
14389
14390
17469
17470
17464
17463
14450
8682
14441
14442
14446
14449
14447
14448
14492
14493
14490
14491
14496
14497
14494
14495
14498
14499
14506
14507
14500
14504
14505
14502
14503
14478
14479
14481
14482
14480
14485
14486
14483
14484
14489
14487
14488
9947
14475
14476
14477
13997
14473
14471
14472
14456
14457
14458
14460
14463
14464
14461
14462
14467
14468
14465
14466
14469
14470
14452
14453
14454
14508
14509
14510
14570
14574
14571
14572
14577
14578
14575
14576
14579
14566
14567
14568
14569
14551
14552
14550
14555
14556
14553
14554
14559
14557
14558
14544
14545
14542
14543
14548
14546
14547
14539
14537
14538
14535
14536
14541
14530
14533
14534
14531
14532
14528
14529
14526
14527
14525
10022
14519
14517
14518
14514
14520
14521
14512
14513
14563
14564
14565
14562
14561
14627
14625
14626
14621
14622
14623
14610
14607
14608
14605
14606
14609
14603
14604
14602
14095
10295
14596
14597
14598
14591
14592
14595
14593
14594
11061
14588
14589
14587
14590
14584
14585
14586
14581
14582
14583
14580
14618
14619
13962
